5.47846e-05 
0.920765 
5.28924 
3.21055 
3.72937 
1.53271 
0.329312 
4.75205 
4.75507 
6.54285 
2.68451 
3.63591 
5.81676 
0.242005 
0.374231 
3.7079 
4.69805 
0.0538873 
2.68391 
0.467896 
2.9224 
4.80741 
4.12284 
6.51306 
5.92317 
3.6885 
0.643754 
4.57743 
2.912 
4.90833 
6.37225 
5.33539 
1.83717 
0.332252 
5.15257 
2.29764 
4.42847 
5.29487 
6.93726 
2.55737 
1.72927 
6.87785 
5.05862 
5.27349 
4.56063 
0.508801 
4.42144 
6.19295 
1.90897 
3.05488 
5.36546 
3.34412 
1.66442 
1.92435 
2.51485 
1.16555 
3.40562 
6.28359 
6.36446 
0.42395 
6.33257 
3.53166 
3.61404 
2.23323 
6.90649 
3.45784 
1.86301 
0.63513 
6.63435 
0.516244 
3.50495 
2.689 
1.93957 
6.39672 
3.70823 
3.25112 
6.58686 
0.350588 
5.3306 
5.39143 
5.79472 
0.877558 
0.111074 
4.81919 
6.07773 
4.4068 
5.15357 
5.07788 
6.99621 
6.22001 
1.63236 
2.14425 
2.45711 
3.59292 
4.1378 
5.92187 
2.88457 
5.89057 
1.88522 
2.90776 
3.76113 
3.27542 
2.01049 
1.24829 
1.07604 
4.00158 
5.61684 
0.231376 
3.74115 
3.48936 
6.68753 
5.23805 
3.88209 
6.23516 
4.37395 
5.89428 
1.11837 
1.48926 
5.00297 
0.912991 
0.636932 
1.92212 
0.0209972 
2.90005 
0.188134 
4.96874 
6.56528 
1.67938 
1.26627 
2.22278 
6.20893 
4.56441 
1.05235 
4.76942 
2.7007 
2.71408 
3.49819 
1.03273 
4.11031 
5.91903 
4.13076 
6.68786 
3.89302 
1.03706 
6.88314 
2.86137 
0.992738 
3.95429 
1.76488 
3.4196 
3.24821 
6.72767 
0.882216 
1.3983 
2.23475 
4.40488 
0.886985 
4.55878 
4.35144 
5.62151 
1.73489 
3.33502 
2.7252 
1.42275 
0.198626 
6.31171 
2.98548 
0.994147 
6.63241 
2.87219 
0.91832 
6.19954 
0.645215 
1.13539 
0.497445 
2.55737 
1.7714 
0.945766 
5.48207 
3.18715 
2.44667 
3.1661 
5.66261 
6.52172 
4.56152 
1.50674 
4.75715 
6.36245 
1.75088 
6.02602 
3.29884 
3.54169 
4.20276 
5.72293 
5.2909 
3.23571 
6.65957 
4.42917 
3.07531 
5.77288 
4.82287 
4.91545 
6.91002 
6.6809 
5.95889 
2.02521 
3.76198 
3.60104 
0.724037 
2.8982 
4.03702 
6.13596 
3.08027 
5.10823 
6.08485 
5.0095 
5.60504 
4.94575 
5.19201 
0.133647 
6.20222 
3.67491 
3.24326 
0.456357 
4.99396 
3.4226 
4.67375 
4.77434 
1.39688 
6.41644 
6.06118 
6.23013 
3.80764 
0.974365 
3.15243 
6.92554 
1.50872 
3.12216 
2.21013 
3.60262 
6.17053 
3.07808 
3.27272 
5.64655 
2.55611 
1.48063 
6.99382 
1.07523 
4.41342 
4.31445 
0.0041653 
0.006153 
5.41346 
5.09134 
2.23424 
2.92407 
4.77746 
4.76393 
1.43683 
5.85494 
4.96244 
5.80096 
0.661842 
0.572163 
5.34803 
4.407 
1.49697 
1.49483 
0.567426 
2.72176 
6.66512 
6.63282 
2.72898 
1.8845 
4.84518 
1.98825 
5.43806 
5.48706 
2.95722 
1.97509 
1.35777 
0.0792136 
1.34277 
6.88265 
1.70838 
5.73808 
0.955185 
2.78701 
4.20707 
1.23816 
5.79848 
1.10412 
6.91556 
1.80018 
1.63519 
0.711462 
1.53587 
4.44302 
4.87205 
5.56339 
4.8737 
5.27058 
4.68664 
4.43401 
0.395085 
4.18752 
1.58905 
2.23145 
4.89884 
0.822059 
5.338 
3.68286 
3.87738 
4.11592 
2.30766 
4.92093 
1.00132 
1.13181 
3.39728 
6.02158 
5.69286 
3.89785 
5.17298 
2.21205 
0.947326 
3.69984 
2.17517 
4.11683 
3.62659 
3.01593 
1.8119 
2.59158 
2.75112 
3.12806 
3.33127 
2.71482 
1.95505 
0.547842 
2.58819 
1.77746 
4.70249 
4.73366 
3.59755 
5.10026 
5.04537 
6.61327 
3.22488 
6.58114 
2.25092 
3.22304 
3.62002 
4.62949 
2.81283 
4.23948 
6.90552 
1.05276 
4.69069 
2.40672 
3.79197 
3.65965 
5.80467 
0.104654 
1.91947 
4.50085 
3.82296 
6.42493 
1.86629 
6.79061 
1.72713 
5.90783 
4.85817 
3.19026 
5.71971 
0.154586 
1.12524 
4.94865 
4.95478 
3.05647 
4.07695 
5.26197 
6.94073 
4.86975 
1.95658 
5.27704 
1.19825 
0.0297775 
3.46984 
0.559418 
1.14157 
6.32311 
5.48094 
5.22675 
3.05498 
0.0443918 
4.09351 
3.62935 
0.467948 
3.80816 
2.72812 
1.51078 
2.70039 
4.38803 
4.61337 
4.96524 
3.77063 
1.96202 
5.71153 
2.60337 
4.80271 
2.17118 
0.0654327 
0.726581 
3.64672 
5.43116 
1.5448 
0.386952 
0.494444 
1.12192 
5.06635 
2.07915 
0.354218 
3.34463 
3.20013 
3.63992 
3.12543 
1.05218 
2.0016 
5.83577 
4.86946 
4.04443 
4.76815 
2.31822 
0.402327 
6.90818 
3.79675 
0.0116019 
5.99335 
0.205488 
2.64285 
3.42756 
4.03321 
5.17271 
4.75533 
3.75387 
0.249114 
0.857548 
6.81349 
1.31793 
2.45923 
4.29888 
4.25328 
0.88153 
3.87003 
6.6782 
2.49847 
5.86671 
6.81977 
1.8131 
1.76069 
2.97035 
5.69134 
6.2854 
1.7121 
5.32432 
4.86399 
3.16296 
1.84534 
4.65852 
0.815997 
1.46694 
0.79573 
3.82882 
0.0425556 
1.23182 
4.19552 
3.02336 
0.577546 
4.8119 
2.62717 
5.85345 
0.865462 
6.81342 
0.207447 
0.562472 
3.45971 
5.38606 
6.53821 
1.75109 
2.5176 
5.3838 
3.49969 
5.24476 
4.70332 
4.77166 
5.29739 
0.254573 
1.614 
1.55167 
3.93821 
4.56835 
4.31627 
2.60026 
1.57361 
1.63584 
4.57108 
1.16149 
5.20873 
1.1183 
0.33347 
4.63395 
0.874614 
6.6441 
3.38926 
4.34732 
6.39817 
0.125612 
4.15482 
5.0531 
3.47607 
0.375861 
3.09143 
3.63422 
5.40361 
0.457494 
3.09953 
6.84026 
3.27419 
2.30339 
3.12151 
5.20292 
1.43739 
1.19966 
2.60764 
6.57808 
6.75396 
1.7847 
0.492346 
0.866941 
3.68436 
1.12058 
3.62395 
0.736294 
5.89103 
2.57993 
2.96723 
2.29059 
4.99483 
4.03743 
6.10319 
5.30772 
5.85618 
4.89854 
2.72342 
6.54669 
4.23922 
2.53459 
3.77653 
3.18551 
2.81185 
1.68308 
0.5816 
2.95105 
3.30666 
2.02837 
0.734784 
1.5147 
5.61413 
3.69207 
4.68174 
6.0455 
1.70625 
4.98095 
1.84564 
2.67975 
0.567039 
3.21834 
1.63007 
5.56747 
3.4394 
0.0226015 
1.86283 
4.65282 
2.97634 
1.30777 
6.74433 
0.938274 
5.57099 
6.62231 
1.19809 
4.24201 
0.446625 
2.43244 
2.04728 
3.56761 
5.78086 
5.84037 
5.0851 
2.30604 
5.61459 
4.42234 
0.317385 
0.289943 
1.07321 
5.36946 
0.43212 
3.63512 
6.50405 
1.54361 
1.43194 
0.622949 
4.89784 
4.94523 
3.46242 
1.83245 
4.981 
2.64856 
1.40451 
1.62825 
3.05267 
3.28649 
6.02831 
6.84067 
3.11163 
0.239702 
3.6664 
0.221472 
5.27222 
4.14112 
5.76024 
2.30705 
1.62455 
3.7557 
3.01433 
2.82507 
6.91127 
6.76837 
5.95371 
6.0726 
2.18124 
1.03873 
6.98319 
4.47666 
3.27652 
6.5234 
4.83541 
5.70785 
3.79074 
4.00965 
1.11451 
6.61675 
5.74934 
1.0879 
0.287523 
2.40529 
0.770136 
0.675768 
3.63141 
0.156835 
3.93039 
5.99813 
3.61836 
4.72167 
5.16022 
4.88922 
0.159597 
1.34389 
4.69694 
2.4211 
0.464032 
0.984973 
6.44782 
1.5516 
2.6608 
4.10211 
1.17119 
0.184378 
4.83789 
5.33641 
4.99587 
0.54127 
4.12867 
6.47852 
6.50788 
3.01312 
3.54179 
5.81879 
6.43465 
4.21146 
5.06686 
3.63536 
3.43572 
1.12994 
6.83281 
4.02052 
1.91276 
3.71999 
4.88991 
4.66935 
0.682028 
3.84115 
4.27516 
4.67576 
3.46588 
4.00108 
4.12222 
3.08919 
1.05852 
3.51592 
5.11955 
0.221596 
0.361317 
3.65444 
2.2445 
0.245417 
1.716 
0.750264 
2.68078 
3.86281 
4.18018 
4.27777 
6.54676 
5.40421 
3.59204 
3.40677 
4.55089 
4.87897 
2.85276 
3.40795 
3.35848 
4.97315 
3.73939 
1.93653 
4.23877 
1.96073 
4.92359 
3.71343 
6.56778 
1.64782 
2.89446 
4.18233 
5.48102 
6.44177 
4.77044 
5.74824 
3.69189 
1.61189 
1.00579 
6.29665 
1.75995 
4.5606 
0.0337093 
6.55155 
1.92747 
6.01136 
1.9525 
6.66702 
3.54774 
0.860648 
2.91533 
4.9173 
3.05544 
0.754172 
5.36322 
0.699059 
3.08886 
2.41204 
2.07945 
5.30335 
2.36957 
2.31531 
0.389243 
4.01228 
3.397 
1.41737 
0.801322 
6.82044 
6.05227 
3.44289 
2.57176 
5.63439 
1.13543 
1.11706 
0.40406 
1.04476 
3.27671 
2.66426 
6.18593 
2.96893 
2.88574 
4.55906 
2.15829 
0.420997 
5.70092 
6.2836 
6.43644 
6.30853 
5.39033 
1.19557 
4.00709 
0.219826 
5.62287 
3.6555 
6.03135 
1.94039 
6.08646 
4.10803 
2.7242 
5.68327 
3.67969 
6.5791 
2.94027 
4.05904 
5.24402 
6.16549 
2.36659 
1.32684 
5.20188 
5.03244 
6.15413 
0.510083 
4.9708 
6.15342 
2.51566 
0.628972 
1.1272 
2.91757 
0.675 
4.72285 
3.93828 
5.69133 
6.14734 
5.38552 
4.44644 
6.27567 
6.14889 
3.40529 
0.791494 
2.64239 
2.67834 
4.81305 
0.852177 
0.537752 
1.00311 
3.34349 
4.96012 
1.66614 
2.73677 
6.83117 
4.40137 
4.76839 
6.36083 
2.5368 
6.01449 
5.55995 
3.00211 
0.514577 
3.49041 
3.38711 
3.15514 
3.4976 
5.18531 
6.5299 
2.10085 
1.02337 
0.770129 
0.562254 
6.80733 
2.85724 
1.66887 
6.74212 
5.83432 
1.38656 
0.906371 
1.37415 
2.37383 
4.02975 
3.08188 
4.09972 
3.03014 
2.57742 
2.67622 
4.20093 
3.00631 
1.04151 
4.69138 
6.9678 
4.88647 
2.81918 
5.94495 
5.73669 
5.55368 
2.61975 
0.0672552 
3.35845 
4.47341 
4.52547 
4.51429 
5.59324 
2.64155 
2.5037 
2.7265 
2.34015 
4.85512 
1.01428 
2.04068 
4.66799 
5.98056 
2.20289 
1.009 
4.21575 
0.0391174 
6.44581 
2.67368 
3.61572 
2.41119 
1.84893 
2.037 
5.83554 
0.870735 
4.44234 
0.340882 
3.20632 
2.63772 
1.09111 
5.29099 
4.66181 
0.0807142 
5.56417 
3.9264 
2.02058 
2.90892 
2.24428 
3.60213 
5.03409 
5.89431 
1.62327 
3.25505 
2.61352 
0.350301 
0.516952 
1.41715 
3.96328 
5.82067 
2.95787 
5.87684 
2.0513 
1.26837 
2.50268 
6.53877 
4.12593 
2.58328 
3.24141 
4.39481 
6.61116 
2.8405 
0.353371 
3.11395 
4.17149 
5.23818 
6.0492 
0.917161 
0.732056 
4.65716 
5.83364 
4.069 
4.61015 
6.87423 
0.132412 
6.45031 
1.36275 
6.77406 
3.66151 
1.95157 
5.03856 
4.13321 
5.85957 
5.84284 
4.61921 
5.11314 
4.50119 
2.4467 
3.74413 
4.64903 
2.264 
6.08432 
3.09659 
6.42577 
1.93667 
6.66227 
0.820665 
2.91205 
5.85463 
6.73775 
2.3305 
3.68327 
3.75169 
5.72675 
6.50923 
4.64025 
1.7026 
6.59 
4.17706 
0.882235 
1.72882 
6.20708 
1.37325 
1.14071 
5.85198 
4.21684 
4.3627 
5.87075 
4.70154 
2.74089 
6.09899 
4.67144 
0.809246 
0.000281577 
4.73246 
4.40127 
3.18183 
4.02042 
0.225886 
2.45975 
5.98558 
2.59586 
4.62998 
4.03501 
0.419719 
5.21128 
1.95645 
3.09837 
1.23494 
0.642606 
6.28071 
6.94694 
4.15911 
0.231025 
4.83652 
3.41048 
3.98538 
6.27007 
3.04152 
4.82016 
1.42211 
3.37204 
1.9071 
6.62984 
1.7101 
6.67284 
3.33866 
0.889613 
6.73005 
6.00009 
1.52187 
0.0490556 
5.47732 
0.352753 
6.72038 
4.48962 
4.0138 
0.959654 
0.903301 
5.77239 
3.51298 
4.59121 
3.53541 
3.68518 
0.828781 
6.32139 
4.68233 
1.9431 
2.70695 
2.74045 
5.81768 
1.70101 
0.86411 
5.09815 
4.53653 
1.40852 
5.94087 
0.157895 
0.738937 
1.31585 
2.52677 
5.45761 
5.03443 
4.66455 
4.06679 
2.45821 
1.10008 
2.04464 
1.18377 
1.56588 
4.69946 
2.83336 
6.20557 
4.05554 
2.39294 
3.06068 
4.89747 
5.83998 
5.54388 
5.94347 
1.97554 
1.85263 
1.18973 
3.73472 
0.512286 
6.99115 
5.2512 
0.855545 
1.1522 
2.97575 
5.41242 
1.49497 
3.0375 
0.231541 
6.50525 
0.742302 
1.86401 
3.37434 
5.54946 
1.80267 
1.49741 
1.97725 
2.66439 
1.45686 
6.49969 
5.34845 
4.31594 
4.03097 
2.49434 
6.35493 
1.3853 
0.798747 
5.53798 
4.88714 
0.127758 
5.23578 
0.801706 
6.26475 
4.5824 
2.42123 
2.67689 
1.50534 
2.31904 
0.124496 
6.40058 
5.49829 
2.75416 
5.10988 
5.82086 
6.14458 
0.907265 
2.40397 
6.59449 
2.53534 
2.46442 
0.564586 
4.00324 
5.43475 
5.90941 
3.45307 
5.72122 
4.49914 
3.04763 
2.4662 
2.4441 
1.97081 
6.43383 
4.38307 
5.21206 
1.10278 
5.43492 
1.76369 
4.2844 
5.98222 
2.20225 
4.25911 
0.881455 
2.61563 
0.933054 
1.83304 
0.882217 
1.41972 
5.25367 
0.496651 
3.2124 
6.7427 
1.64273 
1.38263 
4.78762 
0.569285 
5.97966 
1.06794 
0.841237 
5.66387 
6.60935 
0.318642 
0.421837 
5.80806 
0.988255 
5.60817 
1.59242 
2.7945 
4.19436 
4.58644 
0.376088 
6.90454 
5.68614 
2.89506 
0.222869 
0.756341 
6.82127 
6.06983 
4.69756 
5.84058 
1.66752 
5.01857 
4.12796 
1.55778 
1.59434 
0.0110153 
3.1347 
2.86836 
6.53104 
0.157232 
3.59449 
2.63551 
6.01657 
5.55711 
4.26628 
2.32263 
4.36804 
4.57711 
4.51073 
1.81384 
0.182002 
6.90929 
1.45425 
4.49628 
3.92227 
2.63853 
0.844835 
3.14375 
0.964009 
4.1006 
3.7982 
3.38521 
6.2062 
0.571163 
2.53815 
0.705664 
2.09448 
5.89168 
6.39102 
5.79549 
6.79209 
5.69296 
5.58511 
5.87857 
3.14104 
4.49467 
4.85748 
5.71032 
3.27747 
1.35544 
2.81088 
6.51456 
3.27046 
2.64911 
3.62317 
1.59429 
6.29487 
6.90093 
0.958958 
3.20937 
4.82394 
1.95311 
2.86495 
5.17952 
0.218785 
2.12753 
1.34853 
5.69233 
1.92408 
5.02433 
2.86039 
5.49551 
5.05605 
4.03941 
4.43057 
5.59017 
0.00192744 
4.39456 
2.42502 
3.303 
3.44545 
3.70734 
2.22985 
6.00547 
0.966014 
2.794 
2.70839 
5.92505 
0.392943 
3.19815 
5.35872 
2.04746 
6.73344 
7 
6.99364 
5.19132 
2.44848 
5.57609 
1.393 
4.20514 
3.79977 
1.76185 
1.41132 
4.02937 
3.59631 
5.23391 
4.25614 
6.92745 
5.58915 
3.88344 
1.0267 
0.749073 
3.66649 
1.7241 
4.00139 
2.34056 
4.75097 
0.485566 
5.91248 
6.13383 
2.32451 
1.0178 
5.20852 
4.63324 
2.81949 
4.09519 
3.88817 
3.45881 
4.30151 
6.47381 
4.29748 
1.79469 
0.277643 
4.345 
2.40442 
0.169168 
1.19975 
4.27506 
2.96692 
3.97906 
5.11261 
2.61781 
2.55951 
2.63394 
0.60624 
4.08181 
2.92716 
0.775646 
2.27684 
4.79615 
3.94788 
6.1031 
3.72302 
6.82177 
0.421689 
3.32741 
0.770926 
6.94525 
3.84661 
4.89093 
0.89066 
3.32489 
0.415429 
3.11575 
6.42584 
3.07658 
6.00958 
6.98024 
3.84512 
0.86999 
5.92428 
1.33181 
4.65042 
4.59391 
6.81235 
3.20332 
1.11543 
0.974295 
1.98333 
6.81074 
4.18569 
5.96546 
0.440202 
6.47936 
6.64576 
3.26667 
1.97562 
3.22175 
3.01577 
6.06297 
1.39041 
2.69336 
5.31437 
5.69957 
4.70917 
5.0511 
4.78355 
2.1979 
1.17938 
4.81629 
6.44655 
1.16035 
0.026729 
1.23414 
1.24706 
1.38637 
4.67792 
4.72117 
3.62238 
2.26383 
3.26877 
2.24577 
0.655506 
6.09306 
3.11585 
1.03442 
4.56432 
6.59387 
6.17645 
4.62649 
1.42739 
1.19243 
0.112522 
1.1579 
0.763582 
2.52835 
3.92793 
6.74687 
1.71846 
0.167026 
0.210282 
6.2032 
6.20446 
6.39256 
3.83181 
1.20803 
3.40934 
5.70093 
6.55626 
4.08144 
3.84235 
3.30227 
5.27336 
2.32619 
1.20721 
3.59075 
2.66299 
5.79715 
6.76926 
0.033445 
2.10973 
3.18196 
6.23317 
5.90473 
1.75249 
5.13738 
5.87689 
2.96073 
4.95935 
2.84112 
3.6841 
3.67892 
0.640735 
2.82582 
5.47491 
1.85352 
2.15501 
1.29478 
5.29639 
4.34471 
4.51742 
2.29119 
1.07963 
1.29049 
3.18639 
3.73226 
1.137 
6.48039 
2.8634 
0.218312 
1.171 
3.95543 
6.89802 
0.981813 
2.33499 
2.16383 
2.48028 
1.14008 
2.25505 
2.65708 
4.48963 
4.21618 
0.26378 
2.34572 
0.547499 
3.8082 
3.43785 
2.0151 
1.76903 
3.07524 
4.6103 
2.27905 
0.0116504 
6.80887 
0.706088 
2.22864 
6.68861 
2.44488 
1.15784 
6.89842 
0.815094 
0.293195 
6.72669 
5.49697 
1.54273 
0.710227 
1.78194 
3.06258 
1.70108 
1.97815 
3.8446 
6.17611 
5.96155 
4.69328 
3.90327 
5.30483 
6.31397 
5.97366 
5.31788 
1.63765 
6.98803 
1.82898 
2.62528 
2.09652 
5.21866 
6.94284 
5.36419 
3.00027 
4.49166 
3.24661 
0.717277 
1.27316 
6.04352 
3.5235 
6.51683 
6.28625 
2.03816 
4.40399 
6.8278 
3.80834 
5.81468 
0.383669 
1.32735 
6.82706 
5.35646 
6.08914 
0.226372 
3.62906 
2.62806 
6.78767 
1.35203 
1.6 
4.17863 
6.27553 
3.84635 
0.59341 
5.43889 
5.39763 
4.95879 
0.36355 
6.18495 
0.501456 
6.96263 
1.88942 
3.49841 
4.81122 
5.23904 
6.61253 
4.82795 
6.38241 
1.19859 
5.70732 
1.97979 
3.37314 
6.37597 
4.92228 
2.79516 
1.17905 
6.31746 
1.47045 
3.83856 
2.60944 
1.84207 
5.64691 
1.65084 
4.61238 
2.34924 
3.65492 
3.17018 
4.24809 
4.66973 
0.152361 
5.73443 
2.64121 
3.79257 
6.7879 
5.22399 
5.553 
5.31089 
3.1726 
2.84725 
1.70958 
4.91596 
1.49674 
4.62824 
2.84934 
1.93475 
2.40204 
2.11024 
4.81881 
6.68004 
5.44727 
6.31613 
0.151593 
6.81968 
0.376264 
2.86971 
1.14485 
5.57227 
0.0810504 
4.21404 
6.45027 
0.76949 
3.81511 
0.511269 
3.89562 
2.68367 
3.37001 
2.73653 
2.86071 
3.91376 
6.58755 
4.89321 
4.12745 
0.078002 
1.97934 
2.71168 
5.22056 
3.95983 
3.88016 
1.8801 
0.820142 
1.13134 
2.48014 
5.65817 
1.86014 
1.3417 
2.90114 
4.53708 
3.70765 
0.509983 
3.28962 
2.65269 
0.692001 
3.45278 
0.929703 
1.51372 
3.06804 
2.47188 
6.95664 
6.24504 
2.44958 
3.07405 
5.6114 
6.87518 
2.10853 
4.03646 
3.86345 
1.00271 
3.54581 
3.49885 
5.10749 
0.578183 
1.51944 
1.21049 
2.69653 
2.62235 
1.85055 
1.15279 
5.99552 
1.71799 
6.25356 
5.53809 
6.74938 
1.75522 
1.98857 
3.8487 
5.03228 
3.60703 
3.40539 
2.46308 
6.00933 
2.88547 
0.142822 
6.40981 
6.71661 
3.98042 
6.98517 
2.80366 
4.11362 
5.64448 
2.85758 
0.303851 
3.81805 
0.910693 
4.02289 
6.78454 
4.76935 
1.45046 
3.94703 
5.81478 
2.05011 
2.14243 
6.84589 
6.89445 
4.08594 
2.33008 
3.65101 
0.576763 
5.65418 
4.77159 
4.16335 
1.42907 
1.40282 
1.14756 
1.96551 
1.38225 
5.55138 
6.10279 
5.5244 
0.635219 
1.12005 
1.72918 
5.33008 
3.61949 
2.74255 
6.07594 
2.32886 
4.17692 
5.46147 
6.9071 
6.68048 
5.75959 
5.43927 
4.80502 
5.89364 
4.39599 
5.37876 
2.77659 
4.0968 
2.94036 
5.61119 
3.34431 
4.83541 
5.69536 
3.85643 
2.06355 
4.1089 
3.32024 
6.29047 
3.00469 
1.81944 
3.24823 
0.000274079 
4.60645 
0.642883 
3.93614 
4.7533 
4.67336 
5.21685 
4.56726 
6.87392 
1.95784 
5.47939 
0.0362711 
0.607688 
0.41438 
6.48739 
1.50262 
5.46949 
1.77563 
2.00614 
5.16714 
2.071 
3.31233 
6.36981 
6.46143 
6.2425 
1.75458 
5.26684 
4.78737 
3.27675 
3.31745 
1.46127 
3.54473 
6.2844 
5.84546 
6.71094 
6.81171 
6.42905 
1.04093 
1.84023 
2.77542 
5.40015 
5.39433 
5.43001 
3.18135 
2.93071 
4.45425 
4.52967 
5.19401 
5.80644 
1.90495 
5.46155 
1.26286 
0.839978 
5.51395 
6.94297 
0.540785 
2.97453 
5.88781 
4.4348 
6.61367 
3.01247 
6.62174 
5.58991 
2.64025 
1.72754 
5.80093 
0.291224 
1.60021 
0.658001 
6.03001 
0.304438 
6.68256 
5.76962 
6.0831 
3.58382 
5.25073 
6.9881 
2.9222 
1.48122 
2.82595 
0.762333 
2.5344 
0.678136 
1.42748 
2.70963 
5.76506 
6.29445 
6.76086 
5.71946 
2.91787 
5.72208 
5.07474 
3.20967 
2.9057 
4.14894 
4.22352 
4.67263 
6.91201 
5.17368 
0.029415 
4.37823 
0.911244 
6.27267 
4.74483 
2.29831 
1.65783 
3.16022 
4.76521 
1.81181 
1.02195 
4.92695 
4.19146 
4.83677 
0.515985 
6.15752 
1.42075 
1.51717 
5.12819 
5.49936 
6.7075 
5.00822 
5.18334 
1.3666 
1.50813 
0.143207 
5.87412 
5.32579 
1.53037 
2.94139 
1.89491 
4.73796 
5.85092 
0.353446 
4.3597 
4.43584 
3.20413 
0.766649 
5.07664 
0.122621 
2.88985 
3.76722 
0.715802 
4.48248 
3.05041 
0.194603 
1.69735 
2.3093 
4.4229 
2.63038 
3.81248 
5.38196 
0.552588 
5.33905 
0.337853 
1.29216 
3.29231 
5.86936 
2.36917 
2.57845 
5.97659 
5.50699 
1.94994 
5.70708 
4.92332 
6.28524 
6.09263 
2.88971 
1.27387 
3.8811 
3.71651 
2.45678 
5.07704 
6.80393 
1.64729 
0.985938 
1.66422 
5.61092 
5.7561 
2.80711 
6.07522 
4.21659 
0.270619 
5.28592 
3.41399 
6.85021 
2.48677 
5.10919 
1.1553 
6.15215 
2.17229 
4.74309 
1.0526 
2.01495 
6.34695 
0.155182 
4.142 
6.61217 
5.80532 
3.97676 
1.4794 
0.212654 
4.07482 
4.49153 
1.08541 
0.477846 
2.15268 
4.02015 
2.58026 
1.47024 
0.244797 
5.29865 
0.456591 
1.92743 
5.39416 
2.61945 
2.1201 
2.48104 
6.77077 
4.35598 
4.88478 
2.42614 
1.08101 
3.61206 
3.95822 
4.87492 
4.82291 
5.65367 
3.21189 
5.15292 
1.13258 
2.29488 
0.0872306 
3.08447 
5.63846 
6.53168 
3.94443 
3.96942 
4.02957 
6.91451 
5.09917 
0.778222 
3.57578 
3.1114 
3.32343 
3.8149 
4.09627 
1.03945 
5.07935 
3.67819 
2.41632 
4.11455 
0.230699 
6.36266 
5.303 
3.55577 
2.864 
3.24247 
1.13773 
4.85299 
0.242688 
4.8493 
1.2021 
1.75508 
6.62921 
5.20401 
5.74065 
2.02096 
2.32847 
4.58885 
5.84524 
2.9702 
3.08973 
3.02002 
0.413321 
2.68207 
4.51 
3.62608 
1.4622 
5.1648 
4.82195 
3.59324 
2.56914 
3.51609 
0.866062 
2.90913 
5.69264 
0.20389 
3.78389 
0.811634 
5.13021 
4.42422 
3.84778 
3.57547 
4.94774 
3.58464 
5.04664 
6.82953 
4.93709 
6.62532 
2.6754 
4.41116 
1.2905 
3.4212 
2.12898 
4.80787 
4.90164 
5.94606 
3.43182 
5.60357 
1.25466 
3.14879 
1.63808 
0.164318 
3.69382 
6.1026 
2.37254 
3.21103 
4.72228 
1.31345 
4.17716 
2.50013 
5.74653 
2.9617 
0.363117 
5.91509 
0.970814 
6.46808 
5.99243 
5.74095 
0.155758 
6.82435 
1.92909 
5.15164 
0.694223 
5.80332 
5.47522 
0.0865462 
5.58168 
4.23741 
0.120594 
3.83033 
4.38777 
0.203379 
2.18391 
4.03928 
2.24434 
4.56136 
5.70001 
5.14941 
5.15939 
4.80597 
0.908269 
5.2796 
2.21325 
0.022534 
0.728684 
3.98579 
6.18668 
1.48256 
4.31289 
1.68675 
6.14748 
0.620732 
2.63873 
4.15569 
5.62657 
2.7283 
4.53511 
5.58478 
0.441475 
6.86655 
4.14326 
6.73108 
2.31898 
6.04634 
1.75488 
3.3091 
1.11198 
6.09526 
5.00335 
0.278247 
0.503869 
5.53111 
1.30114 
0.289145 
1.66501 
4.77851 
1.34929 
4.55991 
2.41078 
1.91392 
2.21908 
0.159092 
6.86099 
1.59836 
4.63524 
1.54849 
6.50232 
0.432231 
5.50366 
2.01943 
4.55868 
2.69229 
1.26811 
5.18461 
1.80031 
3.7347 
0.170047 
1.97521 
3.38606 
6.54393 
6.77367 
4.10949 
6.19839 
2.41977 
6.08497 
0.0458941 
1.3429 
2.18377 
1.58039 
3.57052 
5.72562 
1.54292 
3.80599 
1.34327 
1.2814 
4.51266 
6.25552 
3.46451 
1.95633 
0.973491 
2.46238 
1.28642 
4.8526 
0.576444 
0.302108 
2.52363 
1.70816 
2.07771 
3.99475 
2.68903 
2.45767 
6.06676 
2.02496 
6.4312 
2.24521 
5.22976 
4.63715 
5.55682 
6.53749 
3.61258 
5.5651 
5.6636 
2.15268 
4.04595 
2.26035 
0.700983 
0.414282 
4.83223 
1.36503 
3.03353 
3.61113 
2.2597 
3.80258 
6.88739 
4.28655 
0.0487219 
6.86902 
3.68915 
4.50255 
4.39158 
1.33914 
1.99632 
1.20177 
3.10493 
6.50152 
1.00891 
2.7817 
6.10712 
1.37141 
5.29271 
5.60927 
6.08156 
5.76982 
2.2972 
3.9965 
4.22203 
0.589673 
5.6402 
0.764022 
2.92076 
5.2088 
2.26516 
4.61787 
3.52666 
3.54765 
6.28954 
1.23051 
3.17129 
1.87606 
2.86233 
3.1824 
6.68053 
6.7124 
3.37575 
1.21936 
4.7953 
3.61054 
6.34594 
4.17634 
2.80289 
5.20199 
6.86312 
2.42123 
2.66221 
6.74045 
5.80346 
0.696848 
0.92924 
0.730856 
5.49846 
5.55968 
5.4608 
2.6607 
2.45737 
0.97886 
1.7035 
0.678061 
0.170396 
0.847024 
4.92699 
4.99296 
0.621649 
4.05703 
6.51753 
4.11353 
4.12744 
6.96734 
4.03501 
0.452425 
1.9077 
2.63109 
1.79727 
1.66923 
5.67305 
6.88016 
1.92259 
0.938794 
0.312637 
4.4917 
4.0515 
4.58956 
3.74692 
2.45769 
6.43727 
6.15538 
0.542762 
1.2011 
5.96355 
3.38399 
6.696 
0.672052 
4.18372 
0.861488 
3.03545 
0.843147 
2.7764 
0.938634 
4.62825 
2.95113 
4.71523 
1.80486 
3.31386 
3.9895 
5.46322 
1.30955 
1.63063 
1.08065 
4.43549 
4.20428 
3.39904 
0.680146 
0.217136 
2.40308 
5.49476 
6.41916 
2.8921 
6.51906 
1.86141 
1.7182 
2.84956 
5.60023 
0.99358 
4.10729 
4.14944 
5.68292 
4.76323 
3.61509 
5.76287 
4.61206 
3.85939 
2.6842 
5.2833 
1.36115 
0.894444 
3.91736 
4.00612 
4.91237 
4.25292 
1.84788 
5.39072 
0.822317 
2.68307 
0.358235 
0.862577 
0.330764 
1.1536 
5.55783 
2.41953 
1.96078 
5.89305 
1.56232 
0.910249 
3.55696 
1.83769 
2.09466 
1.99172 
0.771974 
3.57482 
1.02665 
6.86123 
5.75673 
6.34514 
4.81312 
2.15961 
1.58295 
4.65021 
1.14127 
1.39096 
4.89301 
0.775128 
0.576442 
0.262444 
0.890123 
1.30039 
1.63884 
5.93039 
6.00387 
2.03556 
2.58037 
3.35077 
1.40761 
4.65668 
4.82759 
0.304775 
5.34537 
1.59392 
0.0919962 
6.18002 
1.64919 
5.00216 
1.28949 
0.441431 
6.13688 
4.48066 
0.380079 
3.99123 
6.55849 
6.53306 
6.1984 
2.51784 
2.25345 
3.78058 
1.22906 
6.75725 
1.13899 
5.03956 
6.90053 
1.12688 
4.50798 
4.6243 
6.56854 
0.508446 
5.44406 
1.33879 
3.09975 
3.47527 
0.920657 
3.48452 
2.38583 
2.6757 
2.56419 
4.40097 
5.07744 
6.54884 
5.41233 
0.00910705 
6.06227 
3.5387 
2.9431 
2.75121 
4.58665 
3.76577 
4.36751 
2.66284 
3.31234 
6.57383 
5.38849 
5.36204 
1.84622 
5.44319 
0.615436 
4.6358 
3.96289 
6.35998 
2.11914 
0.416552 
0.991451 
3.31559 
5.03749 
0.0669522 
5.26557 
4.36238 
0.451733 
4.27934 
4.83777 
3.45439 
6.97241 
5.37384 
4.07279 
5.40817 
0.173389 
2.14722 
3.26446 
6.73278 
2.89927 
1.08339 
1.49245 
2.56761 
5.84573 
4.1571 
1.29762 
4.05698 
5.72222 
0.375038 
3.27021 
5.39958 
2.76111 
3.03887 
2.28084 
2.07743 
6.3758 
2.11183 
3.57543 
4.30785 
1.05508 
1.75549 
6.59475 
6.88776 
3.52224 
6.30758 
3.4319 
0.0163581 
1.93003 
6.99913 
6.32529 
0.174947 
0.330303 
0.408539 
6.31577 
1.08102 
3.74508 
6.57447 
2.14298 
2.04055 
2.56564 
0.642216 
6.72322 
3.11731 
4.6166 
3.12769 
4.08578 
6.63912 
3.6187 
3.53202 
2.60337 
4.81405 
3.76944 
2.93754 
0.310622 
5.62645 
0.703023 
6.71244 
4.06193 
4.79494 
4.49192 
0.760856 
5.71348 
0.423005 
4.43962 
3.66604 
1.1755 
2.62088 
5.20685 
4.57087 
4.69018 
0.806639 
5.17809 
4.19531 
6.52071 
1.49815 
0.42798 
4.05388 
2.54018 
6.77642 
1.23066 
5.69774 
1.85252 
6.3276 
3.94879 
0.337976 
3.36526 
6.9424 
4.89634 
0.826661 
5.69366 
3.41858 
0.0142434 
1.3882 
0.494135 
2.92045 
4.38616e-05 
0.737181 
6.80734 
2.97651 
4.17323 
6.41163 
2.20368 
0.22649 
5.62541 
4.28706 
1.59325 
2.82768 
1.86692 
3.28788 
1.41623 
2.65833 
4.52061 
6.90279 
4.10756 
1.68698 
3.00404 
4.83891 
1.49532 
1.88794 
6.67431 
0.151751 
2.47542 
3.35699 
0.934897 
4.81142 
1.54447 
1.93967 
0.957754 
3.97238 
4.77748 
5.02487 
5.03823 
5.49199 
1.81649 
2.79342 
6.98007 
1.08671 
1.37656 
0.82847 
1.09281 
5.83759 
0.428687 
1.93737 
4.33385 
4.09719 
2.46312 
6.67612 
2.51041 
3.44946 
1.0251 
1.88693 
3.64622 
4.04534 
6.04094 
2.12951 
6.67514 
0.0840733 
6.0205 
1.57264 
6.35079 
1.79382 
6.65191 
1.68342 
6.31283 
0.810232 
2.57289 
3.60267 
0.117206 
2.88893 
2.2925 
1.96651 
4.08114 
5.78381 
6.51059 
6.55138 
6.10667 
0.767146 
6.41546 
3.61052 
5.98173 
0.933834 
0.953618 
4.45945 
1.00696 
4.93654 
4.39395 
6.09199 
6.06591 
1.82824 
4.27656 
0.170566 
3.69511 
6.71194 
2.57015 
6.53251 
3.84963 
6.73607 
2.07277 
5.1077 
4.04309 
3.19208 
1.30994 
1.20024 
5.39923 
3.89944 
3.83937 
2.3407 
0.181375 
3.36183 
5.34484 
6.80445 
3.39518 
5.82248 
5.49069 
0.961278 
0.204651 
2.56179 
6.00681 
2.53841 
5.11106 
4.53158 
2.32709 
2.42242 
1.67852 
0.947444 
5.68403 
2.42445 
0.711749 
6.35993 
1.36257 
3.65857 
1.62495 
3.60733 
1.42865 
1.28241 
0.462516 
3.5102 
6.86818 
3.51709 
3.69194 
2.4737 
2.55241 
2.28791 
1.93653 
4.29048 
3.16243 
6.96356 
3.4735 
6.09368 
6.53012 
5.76528 
3.12038 
0.271666 
1.89242 
4.95217 
1.05163 
6.7109 
6.06439 
4.28027 
6.55553 
5.71508 
6.43022 
6.64433 
0.245057 
2.67479 
1.20544 
1.91016 
1.99137 
2.01855 
3.80601 
1.61933 
0.0138025 
0.979189 
0.22162 
0.763271 
4.30371 
1.37824 
1.05754 
1.10854 
4.27511 
3.84522 
2.6758 
4.16429 
3.17022 
4.82996 
5.10967 
2.14125 
0.995793 
6.28701 
0.7512 
4.41398 
6.77909 
4.20289 
0.923627 
4.40155 
0.896263 
6.49017 
6.24866 
0.208916 
4.24852 
4.7926 
0.271804 
4.20543 
1.63007 
5.64855 
1.17089 
2.09374 
0.478201 
1.1214 
3.39351 
5.69 
4.7828 
3.44904 
0.989392 
3.70383 
6.3517 
3.04299 
1.61369 
3.29498 
1.74128 
5.67523 
1.53406 
2.02651 
4.57068 
1.46074 
1.57989 
2.22036 
0.63947 
2.57893 
0.0553416 
6.12572 
6.03257 
1.38846 
4.83861 
3.46741 
1.80363 
3.63596 
6.6302 
0.753553 
1.969 
3.96801 
1.39363 
0.795877 
6.31314 
5.95111 
4.27364 
0.0482415 
5.79476 
1.5731 
0.137382 
5.97538 
6.23225 
4.49673 
4.49438 
0.0270162 
6.06132 
1.65019 
0.659412 
1.74088 
6.02893 
3.14516 
3.6304 
4.1643 
3.40015 
5.27864 
0.0384259 
1.82348 
1.16446 
6.08894 
3.87498 
5.7805 
6.8282 
3.54548 
4.83116 
4.33515 
4.82717 
0.184203 
1.89803 
1.2709 
2.94627 
6.95762 
1.64021 
0.963524 
2.95052 
1.34407 
0.715677 
2.38752 
3.01528 
4.76196 
3.23003 
2.17519 
4.4279 
2.72751 
5.30507 
3.32004 
2.9582 
4.50294 
3.96338 
0.48831 
3.02976 
3.25889 
4.22141 
4.31132 
3.3261 
6.80559 
1.6198 
1.06144 
3.60368 
3.01748 
6.85172 
6.93645 
2.97868 
5.71915 
4.68869 
3.74894 
1.37872 
2.12402 
5.47603 
6.56859 
1.36319 
0.212056 
1.01845 
2.11526 
5.11634 
2.32923 
3.41524 
6.91702 
5.35337 
3.11413 
0.196859 
4.6171 
4.59815 
1.17081 
0.768117 
1.73918 
5.44753 
3.69281 
3.10809 
3.69477 
1.07899 
4.56251 
4.15791 
1.00368 
5.84461 
6.38801 
4.21562 
4.95177 
1.39694 
0.445018 
3.41499 
2.6596 
4.90123 
5.90854 
2.8635 
1.76422 
6.30414 
1.6523 
1.22398 
5.36315 
6.46723 
5.69869 
3.91235 
3.84194 
3.40402 
0.288435 
3.72794 
5.47713 
4.15448 
6.40865 
1.10789 
0.26144 
5.02978 
3.57493 
2.84884 
0.409834 
0.0770798 
0.479408 
0.410708 
0.770086 
6.83981 
2.68565 
1.68556 
0.133845 
2.5312 
2.93079 
5.74508 
6.58322 
2.20223 
3.8073 
2.33648 
6.27599 
4.51959 
3.71319 
2.58735 
1.58107 
1.07243 
6.39444 
0.326206 
1.55127 
4.25499 
1.58416 
3.97425 
1.28256 
2.91719 
1.28515 
4.43264 
5.46176 
4.87382 
0.270823 
1.71992 
3.77544 
5.81985 
3.23975 
4.52102 
6.75332 
5.10658 
6.35957 
2.34426 
3.99332 
6.7555 
6.74619 
4.14396 
4.48523 
0.187629 
3.47795 
3.87661 
5.24335 
2.0314 
2.71074 
3.48248 
3.0955 
2.11534 
6.49521 
0.0513612 
2.22772 
5.27321 
6.88356 
3.00046 
0.658478 
0.0395119 
6.07682 
3.16929 
3.31464 
3.07386 
2.41511 
4.71096 
0.139339 
3.86394 
2.19092 
2.85205 
5.47751 
3.46961 
3.77605 
2.06479 
3.88749 
6.04472 
2.61821 
2.33784 
1.06533 
6.06413 
6.91591 
0.771043 
1.91837 
0.101449 
4.05992 
6.09272 
4.33865 
0.653813 
5.62803 
6.36734 
6.85204 
5.30496 
1.456 
5.94551 
1.20533 
6.96821 
4.65154 
2.42556 
5.40743 
1.61747 
3.88986 
3.84561 
2.19829 
0.625388 
3.89013 
1.39125 
2.79256 
6.50818 
0.931901 
3.46318 
0.696528 
2.53877 
4.02697 
5.28795 
2.61211 
4.76389 
0.769447 
3.10159 
6.4742 
3.86961 
6.46844 
5.04651 
4.66543 
4.89714 
0.175254 
5.49282 
1.81127 
6.01005 
0.926193 
5.53066 
0.841508 
3.23022 
5.25261 
3.53311 
0.0518583 
3.58209 
4.25823 
0.118817 
1.96353 
3.03756 
1.30735 
6.55807 
6.49429 
5.45249 
3.02603 
3.46026 
0.508572 
0.562526 
4.3819 
6.61518 
0.268933 
4.95478 
3.01396 
3.56368 
2.81386 
0.553215 
1.87812 
2.57028 
1.73068 
2.60511 
6.0917 
1.21803 
3.37613 
0.671834 
0.519348 
6.68524 
1.82315 
2.72353 
1.36094 
4.27696 
6.91553 
1.38091 
4.02435 
3.17875 
1.18966 
2.56935 
0.00948035 
5.33625 
2.41195 
0.682826 
3.25352 
4.84422 
6.74062 
1.54296 
4.52652 
1.23819 
6.32978 
5.6784 
5.93846 
1.72304 
0.0718733 
3.97478 
3.20669 
1.85319 
3.58786 
3.12532 
6.29573 
0.370417 
2.60013 
6.3963 
3.69164 
4.41484 
0.236142 
6.83051 
0.453708 
2.47419 
3.79086 
5.93521 
3.14576 
6.7278 
3.19319 
6.00792 
0.129891 
6.07449 
5.92962 
0.0462743 
0.732759 
2.47397 
0.0569041 
4.38803 
4.60214 
5.20851 
4.47699 
1.79908 
4.19054 
3.39694 
0.293687 
1.00031 
5.27509 
3.44228 
6.32124 
2.06867 
6.10952 
6.77597 
0.776998 
4.00214 
0.96698 
5.03226 
3.15276 
5.42602 
6.10776 
5.12108 
4.94394 
2.87581 
5.75211 
5.69298 
5.89984 
3.67072 
2.80907 
4.10972 
3.09194 
5.15399 
5.17671 
1.90002 
6.71584 
5.18937 
4.80651 
2.97851 
2.89456 
5.91172 
0.254525 
0.794207 
6.23144 
4.79193 
2.88433 
2.01369 
6.06341 
1.74415 
4.91448 
4.63116 
2.95003 
0.133117 
4.29216 
3.3754 
2.27452 
0.875267 
3.60825 
2.83358 
2.97771 
3.37559 
5.53492 
2.33397 
5.98503 
0.350688 
0.013911 
2.80198 
3.89863 
4.26523 
5.75403 
2.9989 
2.52787 
2.98784 
5.58313 
0.695329 
3.39004 
3.33214 
3.32094 
3.98293 
0.0924954 
0.569899 
2.28962 
2.66316 
1.68956 
4.4527 
6.60358 
1.35628 
3.03543 
0.417581 
4.27763 
4.14363 
6.06867 
6.19983 
5.59051 
5.70681 
0.366012 
5.56813 
0.602309 
1.00059 
2.84599 
1.50899 
0.542403 
2.17442 
5.42133 
4.26124 
1.62056 
6.79365 
3.88125 
6.20182 
3.93909 
5.32513 
4.44657 
1.54737 
1.57035 
2.91733 
3.49609 
0.726257 
5.20968 
3.07744 
6.48262 
5.4711 
0.832476 
5.4235 
5.7951 
0.329429 
6.70671 
5.71228 
1.23888 
3.93091 
0.85176 
0.53042 
3.77604 
1.87386 
1.02315 
4.05289 
6.84825 
4.48108 
0.555983 
6.41072 
1.01115 
5.33522 
6.08518 
3.56827 
2.89752 
6.6931 
0.952011 
5.45723 
5.59182 
6.67811 
1.05479 
3.88016 
1.83961 
6.37516 
5.38501 
2.883 
0.653251 
3.18427 
2.9799 
5.13396 
4.53677 
5.5413 
4.65374 
4.34873 
2.06895 
3.85047 
6.89575 
4.7906 
1.65795 
5.24532 
0.0627228 
4.18175 
2.5901 
5.77434 
1.29788 
1.46342 
4.65385 
6.30596 
4.30208 
2.14066 
5.03804 
2.28687 
5.40919 
3.25703 
0.908847 
0.98551 
1.4589 
5.74088 
5.98304 
1.9391 
5.5164 
6.09858 
4.78583 
5.52093 
5.21584 
1.63964 
5.44963 
3.98449 
5.4023 
6.44231 
6.87838 
6.84919 
6.3856 
5.70291 
4.87833 
6.04974 
2.93207 
6.37486 
0.226002 
4.4092 
3.47015 
5.81436 
1.87404 
3.96064 
3.52552 
5.46064 
0.0110479 
3.6815 
2.019 
4.40808 
5.666 
0.443069 
5.65698 
2.88277 
3.79828 
4.66826 
3.51119 
2.50768 
6.64078 
3.56657 
2.26348 
4.38606 
6.4727 
6.64826 
3.34545 
3.02354 
3.70514 
0.337413 
0.892842 
4.99512 
1.90718 
0.940341 
5.31811 
5.51722 
5.9273 
3.16522 
4.78893 
1.47994 
2.38211 
3.19432 
3.99867 
5.62512 
6.43364 
1.14393 
4.00999 
6.95006 
0.611574 
2.7233 
4.55116 
2.39169 
3.06756 
1.45915 
2.85915 
5.69331 
4.48206 
3.05042 
0.349972 
1.98552 
1.58616 
2.54532 
2.12558 
3.59025 
1.31168 
2.37495 
1.73129 
5.86122 
5.5754 
3.74613 
3.19341 
2.6947 
6.89883 
0.584826 
1.16456 
0.774337 
1.27458 
1.87542 
6.21681 
3.90452 
5.25402 
6.29916 
1.98621 
6.30661 
1.14379 
1.67628 
5.22316 
5.68297 
5.67507 
5.81971 
0.827752 
3.02163 
6.50468 
5.18108 
5.35744 
1.53159 
2.3601 
4.11728 
4.06617 
6.07505 
1.36347 
4.77534 
4.0989 
3.13244 
6.95551 
1.25851 
4.85322 
3.98617 
5.60951 
3.073 
1.91023 
3.25591 
3.10513 
2.98034 
5.55574 
2.34742 
1.09076 
6.40844 
4.65103 
0.941182 
5.44821 
1.02221 
2.28944 
6.66995 
3.79941 
2.68602 
0.943325 
6.4608 
2.6567 
5.11002 
1.10894 
3.87463 
6.90124 
6.06329 
6.76018 
1.34826 
1.1932 
6.05889 
2.70397 
1.57635 
5.65927 
6.42652 
0.59498 
3.82851 
1.82394 
1.96622 
6.32228 
5.57404 
1.91641 
2.04542 
0.324123 
1.5391 
2.70135 
6.5251 
5.40568 
0.244993 
1.59789 
3.73733 
2.37343 
4.19187 
4.77945 
3.24093 
3.32718 
3.90763 
1.47304 
5.41383 
4.26091 
3.13033 
6.37758 
3.96971 
1.84102 
2.05821 
5.36112 
0.413075 
5.55416 
3.74518 
1.17736 
5.87122 
5.54417 
3.86455 
5.56904 
1.87833 
6.13698 
6.1838 
2.10738 
5.79902 
3.1656 
4.2082 
6.22069 
6.17904 
6.07768 
3.54723 
6.3583 
1.94535 
5.45222 
5.39432 
5.34493 
1.23405 
6.74525 
2.46866 
1.81703 
4.8887 
5.38442 
6.96661 
5.83032 
4.21639 
3.78889 
0.938568 
3.5187 
2.70737 
2.79309 
1.51701 
2.36984 
6.92669 
6.90093 
0.979776 
3.09988 
5.7341 
3.96246 
6.0258 
6.61096 
6.35746 
1.90767 
2.27697 
6.97543 
0.0396068 
0.671876 
1.22821 
6.45733 
0.264 
6.04193 
4.68793 
5.06735 
4.88756 
0.194915 
6.93771 
3.11841 
2.12332 
0.668414 
6.03377 
0.63602 
0.592623 
6.21844 
3.26668 
2.09204 
6.84635 
0.644939 
3.48369 
2.30307 
4.71126 
5.10304 
2.81224 
1.24321 
6.60792 
4.37696 
0.516439 
6.7889 
1.07644 
3.68837 
5.45073 
1.37382 
3.74466 
6.55487 
1.66465 
5.78179 
0.465261 
0.649938 
3.50669 
4.00127 
0.311337 
3.63326 
3.13763 
3.10628 
1.24452 
0.586678 
4.28971 
4.16473 
3.66113 
2.64543 
4.67654 
2.61122 
3.76387 
0.444692 
4.94107 
3.63135 
6.18238 
6.29192 
6.33507 
3.54908 
2.40571 
0.770894 
6.4111 
0.392564 
3.82769 
2.01916 
6.96094 
1.45096 
5.32069 
6.90891 
2.09688 
4.21943 
5.96345 
1.67772 
1.48512 
5.37773 
6.57521 
0.612224 
6.64844 
6.41114 
1.08515 
3.13272 
4.55654 
1.74571 
3.15487 
5.89493 
5.07518 
3.55113 
1.87557 
1.67658 
3.31057 
4.71755 
5.82507 
6.99956 
6.64616 
2.93735 
4.10474 
3.32844 
4.11731 
4.69351 
0.749534 
4.41928 
4.79396 
2.12234 
5.24394 
4.91081 
6.01762 
2.21522 
5.16463 
1.98554 
1.93114 
4.59948 
2.45258 
4.42941 
0.158736 
0.876921 
3.41093 
4.53908 
2.28167 
2.07429 
2.58149 
1.04897 
4.02032 
5.48889 
5.69997 
4.42916 
2.86828 
5.20377 
1.79528 
3.24351 
4.61829 
3.55355 
0.487655 
6.01686 
3.33416 
2.16987 
5.94358 
3.77691 
2.51072 
1.59992 
2.85964 
6.94902 
4.17019 
4.36938 
6.11083 
0.768039 
0.435529 
4.93509 
1.00308 
2.83832 
5.5905 
5.6094 
1.2467 
2.30429 
4.24277 
6.17955 
0.679954 
3.99169 
0.392137 
3.65135 
6.23355 
5.19438 
4.9644 
3.59895 
0.596764 
5.81831 
5.29049 
3.19989 
6.63495 
3.55618 
2.65186 
0.886888 
2.92291 
6.32296 
2.99707 
6.68432 
0.327059 
1.87607 
3.15707 
0.895506 
0.776967 
3.47637 
5.38991 
1.22232 
5.49555 
5.65578 
3.64858 
1.7108 
4.49113 
1.42256 
4.01805 
2.40692 
0.0273844 
5.24973 
4.28926 
3.61054 
6.36265 
5.00952 
6.02025 
4.42002 
3.32117 
0.899096 
5.10246 
0.116624 
0.101283 
1.26618 
0.706175 
3.68481 
1.60947 
2.37113 
0.601391 
6.57062 
0.361303 
3.41449 
1.29591 
3.38624 
2.50295 
4.10676 
2.39213 
3.47487 
1.18796 
2.04997 
6.86257 
0.230516 
3.28607 
6.00926 
1.56999 
3.74524 
2.24484 
5.96783 
5.33209 
2.4493 
5.35639 
4.81655 
3.78741 
3.93686 
2.74066 
2.23656 
6.93146 
3.00427 
1.73908 
3.64205 
3.97739 
5.0051 
1.77854 
1.93946 
4.4299 
1.34131 
3.34442 
6.59816 
1.21446 
6.35436 
5.75006 
6.33932 
4.9357 
4.24347 
4.0626 
2.10751 
0.998568 
3.94019 
2.79477 
1.62972 
6.68174 
6.02428 
2.10731 
4.53492 
2.44513 
5.34777 
6.96868 
5.68038 
4.22782 
6.99491 
5.48696 
1.34847 
4.72505 
5.90577 
5.25135 
3.37328 
1.7271 
5.45229 
6.70121 
4.18248 
0.988781 
0.437532 
3.6058 
3.71676 
6.63394 
0.609167 
4.27694 
6.52355 
0.310795 
1.53178 
5.68689 
1.54257 
4.9985 
2.77988 
3.39691 
6.85147 
2.58913 
3.55196 
1.87522 
2.84126 
5.9988 
0.90053 
1.20401 
5.81288 
5.11475 
3.56559 
6.92957 
6.28684 
4.96349 
2.31153 
6.94135 
1.31915 
1.8975 
6.23418 
1.83919 
6.27234 
6.26538 
1.27285 
0.726024 
1.27795 
2.57035 
2.79252 
5.86298 
0.0881844 
5.11603 
4.0383 
6.74048 
6.25061 
4.97684 
2.68372 
4.24749 
1.6218 
6.57383 
5.3079 
1.91744 
5.37822 
0.722777 
2.71119 
4.01306 
2.54448 
2.08999 
0.404051 
0.883803 
0.070559 
2.8852 
2.58732 
1.07793 
0.77111 
3.03949 
5.62653 
2.01111 
4.80682 
1.17987 
6.11934 
3.67522 
1.3803 
0.703587 
2.19292 
1.36159 
1.30198 
0.329229 
3.3539 
4.92384 
0.918856 
1.2144 
5.36725 
5.415 
2.86245 
5.22916 
1.44289 
2.61626 
4.55825 
2.50729 
0.00170873 
0.718572 
2.04669 
0.772398 
3.68904 
2.6653 
2.63274 
1.47855 
6.96055 
2.02725 
2.99802 
1.68377 
5.1589 
3.59184 
0.0804124 
0.491715 
4.26054 
3.83234 
3.20947 
6.54407 
2.11741 
6.33629 
3.05742 
5.99883 
1.29125 
2.09655 
5.65299 
5.76393 
1.43715 
4.24799 
2.94226 
2.60561 
0.505298 
1.54949 
2.27686 
5.24046 
2.34812 
5.81724 
1.29101 
5.01783 
5.7347 
0.050272 
4.9209 
0.602211 
6.36231 
6.30387 
4.1581 
4.22759 
3.07414 
0.132772 
5.50581 
3.22711 
2.03561 
3.48673 
4.47894 
6.54876 
4.01116 
5.53582 
3.53022 
0.488282 
2.55906 
2.05016 
3.09492 
6.25778 
6.57338 
4.72429 
0.168407 
2.42191 
0.000645442 
3.84795 
6.50278 
1.15817 
5.39891 
5.41413 
2.29211 
2.46051 
4.77016 
1.12431 
3.32513 
4.40906 
1.08675 
1.95404 
4.60724 
6.94272 
3.25488 
6.72483 
2.27885 
3.61495 
3.48805 
5.70702 
3.86083 
5.9782 
4.6253 
2.4651 
4.85925 
0.419887 
1.03351 
3.14055 
3.15558 
3.76576 
4.17225 
4.0581 
3.47077 
2.17034 
6.91145 
2.76826 
4.17714 
2.12623 
0.528703 
2.91744 
5.35306 
4.96033 
5.19569 
5.91154 
4.23058 
4.35516 
5.20265 
4.0126 
1.81191 
2.78223 
1.01164 
6.67371 
4.04849 
2.92472 
1.80083 
5.55469 
5.7327 
1.4379 
2.82143 
1.84427 
0.580378 
3.41609 
0.221987 
6.9387 
5.72159 
3.78014 
0.778737 
5.22829 
0.896923 
3.58783 
2.5961 
1.7105 
6.33853 
5.67821 
2.67571 
2.67146 
1.25789 
1.40399 
6.80755 
6.52008 
5.06371 
6.85578 
5.05851 
3.37964 
3.65204 
3.86612 
3.88657 
4.57854 
0.508185 
1.05751 
0.644681 
6.16195 
5.87338 
6.94113 
4.58289 
3.6782 
2.5426 
5.47676 
4.92257 
0.682543 
5.50238 
1.46224 
5.92888 
1.72467 
6.58524 
1.12287 
0.0487078 
6.63246 
3.82796 
6.57608 
1.2327 
4.91663 
5.73596 
0.231198 
0.739995 
5.08835 
0.981439 
3.04791 
0.227858 
0.612859 
3.3161 
6.67789 
4.36352 
5.60853 
0.611821 
6.87504 
6.84855 
2.65861 
2.24819 
6.35602 
5.54727 
6.96837 
0.315933 
3.88708 
6.1721 
1.55109 
1.10263 
2.87309 
1.97334 
6.97187 
3.19994 
0.371362 
4.47281 
1.57905 
2.1124 
6.12335 
1.06864 
5.61318 
1.78099 
1.04307 
2.86942 
3.40155 
0.85962 
6.63024 
1.50454 
2.809 
2.83231 
2.62569 
2.00891 
2.76082 
5.1643 
3.41641 
5.61416 
4.18629 
1.89845 
1.25478 
5.08613 
5.63369 
3.46138 
5.40613 
0.837315 
2.74848 
0.682369 
2.57316 
1.02505 
0.991312 
0.987898 
6.59469 
5.95445 
4.37793 
2.86169 
6.48637 
5.45776 
0.609141 
3.83455 
5.35008 
3.71996 
4.33308 
5.01879 
0.874564 
5.80157 
3.95176 
1.16757 
2.33552 
4.1342 
1.54153 
1.55903 
1.65271 
1.07988 
5.5971 
4.48508 
4.67291 
4.54509 
5.30812 
5.53486 
1.45928 
5.05875 
0.388669 
1.35787 
1.66999 
4.58205 
3.46483 
0.475544 
5.47399 
0.380438 
3.02865 
5.57056 
6.34632 
3.54182 
6.35289 
1.96793 
6.98547 
0.727808 
3.26994 
0.867472 
5.59568 
1.59768 
0.245145 
4.16006 
2.05227 
3.42139 
5.23746 
0.986567 
5.22351 
4.60546 
4.92318 
3.8132 
3.43533 
1.63703 
3.58455 
3.48873 
3.04896 
3.89726 
2.1887 
0.561886 
0.614484 
2.63624 
4.28953 
1.06573 
5.7747 
0.361602 
1.44245 
2.30099 
4.71382 
6.23505 
2.558 
5.31283 
0.771069 
2.3578 
0.55364 
2.03195 
4.92168 
6.62073 
2.55525 
1.0421 
0.584596 
4.30734 
6.50699 
1.94714 
0.616554 
2.41662 
2.0885 
3.36196 
0.502316 
0.431894 
6.84754 
6.5284 
4.83672 
6.7833 
4.85287 
5.1617 
1.60912 
3.52496 
2.97825 
5.48462 
4.05116 
5.81242 
4.28707 
1.81064 
2.42129 
3.56035 
2.75395 
1.55902 
1.46869 
2.23187 
5.04916 
0.244524 
0.716854 
1.15774 
5.14806 
3.38878 
3.16289 
0.624686 
6.10432 
3.32071 
0.18181 
3.68801 
6.42141 
5.6349 
2.73852 
1.37299 
3.77646 
1.90903 
3.9986 
4.45503 
3.74508 
6.61463 
5.06337 
1.05146 
3.89946 
4.27091 
3.2028 
6.50324 
1.87146 
2.59755 
4.99503 
0.388275 
1.74411 
4.21521 
4.99287 
6.1257 
5.66113 
2.60503 
4.81002 
5.93215 
0.670544 
6.83298 
6.89271 
2.83409 
4.56158 
2.44317 
0.385036 
3.29486 
6.69781 
3.15874 
0.98444 
4.47707 
3.04499 
0.217185 
3.2306 
4.64279 
2.34791 
2.2638 
2.66291 
4.51098 
5.9807 
4.6104 
4.0057 
4.74693 
2.69945 
2.63954 
3.80379 
6.24534 
0.381068 
6.61282 
2.59218 
5.8271 
6.13803 
2.84728 
2.24066 
5.80719 
0.362689 
5.70889 
0.368541 
6.06722 
2.75561 
1.5122 
5.51431 
6.07057 
3.13125 
0.872303 
2.79805 
0.813957 
2.17589 
2.26543 
1.99976 
2.95579 
5.90028 
3.9946 
0.21353 
4.79221 
0.592138 
5.07093 
2.08848 
3.01666 
6.92357 
3.36947 
0.745065 
6.30512 
4.13846 
3.12778 
5.6627 
0.924973 
6.02386 
2.0298 
3.8085 
1.46259 
4.69507 
6.03162 
6.38484 
0.0286648 
5.76961 
5.87842 
0.607584 
5.66034 
3.36985 
6.99341 
1.26058 
4.51515 
6.09226 
3.5748 
0.589521 
3.08115 
5.93267 
2.35932 
5.16461 
1.63218 
6 
0.0191824 
0.399119 
1.98864 
5.15147 
4.8125 
5.66897 
1.30635 
3.89742 
4.95549 
0.932288 
2.96359 
4.08953 
6.69606 
1.73624 
5.03447 
5.29517 
4.98714 
0.868254 
4.75176 
6.83032 
4.25812 
5.27992 
0.581752 
5.49985 
0.955049 
0.502434 
2.40595 
4.75538 
4.61442 
1.61815 
1.19636 
3.1474 
6.27229 
5.33552 
4.1367 
1.50209 
3.59713 
4.9621 
0.0326319 
2.44508 
4.49231 
0.230752 
0.240642 
5.47515 
5.87203 
5.1531 
4.13669 
1.41717 
4.41213 
3.64436 
0.678701 
3.92056 
1.78514 
0.796666 
5.55846 
6.10915 
0.454106 
2.15556 
3.46906 
1.44317 
0.304729 
4.58562 
0.431603 
1.94974 
2.25982 
5.73685 
1.32019 
5.38633 
3.97018 
2.75898 
2.23309 
4.5324 
2.12749 
0.76655 
3.41086 
3.35672 
3.34187 
5.75584 
5.47146 
6.77134 
6.9802 
3.27054 
3.89174 
0.403943 
6.07372 
0.0109173 
1.48628 
3.98481 
3.67126 
4.8905 
0.560647 
0.794808 
2.33837 
3.03384 
1.81939 
2.5008 
3.00997 
6.54258 
5.09663 
0.132203 
2.93204 
5.86547 
6.95752 
0.0812023 
6.76766 
1.12594 
2.69644 
1.01475 
2.93656 
4.77477 
1.58922 
5.06529 
5.28501 
2.19757 
2.50561 
6.83909 
4.5902 
0.453963 
6.75413 
4.67722 
0.0173151 
4.01555 
2.35202 
1.43279 
0.873789 
6.76782 
3.78628 
6.02138 
2.37587 
3.2894 
6.01411 
6.19584 
1.47123 
2.97957 
6.63184 
0.314801 
5.86527 
3.60339 
5.19441 
5.50594 
5.3562 
1.70703 
4.11419 
1.11948 
6.08079 
6.88717 
0.60026 
1.56667 
3.96182 
2.34916 
2.33883 
3.64419 
4.90151 
3.6049 
2.48095 
5.3387 
1.5715 
1.22292 
1.625 
4.33191 
6.46015 
5.73435 
1.20903 
6.16657 
6.54757 
5.00175 
1.34516 
5.09355 
4.2901 
3.67725 
0.543091 
6.72416 
4.91757 
0.548651 
2.1768 
3.44596 
5.2436 
6.15306 
3.50842 
4.95815 
3.68368 
3.58771 
0.723183 
2.53396 
0.184481 
6.57379 
4.68089 
5.76754 
6.05783 
5.96746 
6.06397 
4.09785 
6.56505 
4.84319 
3.5725 
3.96244 
5.80162 
4.84255 
6.79862 
3.3333 
1.69222 
0.108496 
3.49362 
1.27093 
3.46196 
1.11401 
5.23049 
2.87937 
2.51656 
1.78381 
6.53248 
3.46258 
4.53475 
6.61156 
2.56542 
4.03936 
3.56552 
5.71845 
6.94567 
3.79548 
6.66227 
0.744131 
4.60402 
1.79018 
1.59811 
0.399684 
4.48139 
5.70239 
3.10869 
6.66968 
6.27842 
3.43578 
2.2173 
5.16694 
5.80157 
3.92749 
6.26889 
4.20342 
2.86014 
1.43033 
1.5666 
2.76735 
2.9204 
6.09895 
4.00241 
5.43296 
3.83492 
4.48458 
3.32675 
3.67475 
0.458449 
5.15443 
5.48579 
2.69806 
0.304269 
3.84083 
5.79336 
6.05742 
6.09687 
4.06513 
2.56442 
1.16319 
5.73912 
4.33888 
4.5759 
5.08057 
3.15169 
1.40321 
0.680015 
5.00576 
5.74335 
5.43295 
3.53114 
1.84533 
4.50617 
2.16988 
6.09813 
4.25361 
6.44901 
0.564075 
2.41428 
4.73607 
2.16023 
4.91094 
1.17696 
6.14866 
6.45105 
6.85019 
2.07577 
6.53378 
4.29741 
0.599121 
3.43359 
0.320376 
1.55162 
3.11321 
5.77549 
6.69244 
3.9139 
1.98081 
6.49113 
1.45695 
0.995094 
1.5367 
4.33606 
6.22898 
5.39593 
4.32458 
2.29421 
2.83793 
6.06084 
0.528151 
0.636709 
5.16083 
1.01232 
4.02705 
6.60393 
0.296575 
0.532005 
2.41318 
0.314262 
3.8045 
4.28069 
6.53399 
0.699261 
6.4718 
5.62096 
6.47997 
2.82287 
5.00794 
0.423599 
0.424602 
3.28615 
0.268425 
3.42164 
2.57432 
6.54726 
6.82312 
2.23766 
4.36351 
5.54296 
4.45669 
3.65805 
6.8191 
4.60193 
1.58917 
4.16918 
1.33981 
6.14378 
1.52416 
3.52317 
0.982322 
3.89245 
5.42291 
2.91805 
1.61542 
4.41118 
1.69684 
0.731624 
4.40171 
3.46407 
1.64384 
6.08806 
2.94125 
6.58081 
3.64476 
0.46925 
4.68244 
3.74294 
5.58363 
2.052 
6.04717 
1.71536 
4.12715 
1.99558 
2.73433 
0.882263 
2.20084 
1.51416 
3.44144 
6.24746 
1.1096 
1.08328 
6.71759 
6.55955 
3.42637 
4.93883 
0.876284 
6.71167 
4.9912 
6.11341 
2.11059 
3.67933 
0.543483 
6.31343 
3.79061 
1.84878 
6.39967 
4.23169 
1.98926 
1.52088 
4.43722 
5.33971 
4.54294 
4.25882 
2.98815 
3.84974 
1.55064 
0.635106 
6.22407 
6.91078 
5.40714 
3.87313 
2.68269 
0.899297 
1.48832 
3.12607 
4.83138 
0.944904 
5.00119 
6.02696 
5.09838 
1.50381 
4.49178 
5.34595 
4.41357 
6.84479 
2.35491 
1.00727 
3.12897 
4.53411 
2.70982 
1.87189 
2.85021 
2.40561 
6.06233 
4.52811 
6.95028 
4.37604 
6.13632 
2.19993 
0.187841 
0.0432195 
5.38985 
0.225458 
2.2644 
5.69468 
6.46398 
0.0822408 
3.22165 
1.25571 
6.66134 
6.06511 
2.32384 
3.82312 
2.18712 
1.89248 
5.84378 
6.49414 
3.04723 
2.78067 
2.7878 
3.48083 
3.27299 
3.09309 
3.48736 
1.13323 
6.14897 
4.71563 
1.63721 
6.61907 
2.63532 
2.90054 
1.31291 
2.02967 
1.6072 
6.22353 
4.85291 
5.88496 
5.54228 
0.0352039 
3.67154 
2.6361 
1.9454 
6.39358 
6.89102 
2.30869 
1.13057 
3.52134 
5.09855 
4.39052 
4.41571 
0.835412 
5.76283 
3.8437 
5.13703 
0.13169 
1.30659 
0.93762 
1.57633 
5.31216 
3.46254 
3.98773 
3.77786 
4.53143 
6.68839 
5.79946 
3.56612 
1.76221 
0.546096 
1.23998 
1.38417 
2.72632 
6.18286 
0.275241 
5.98202 
5.78041 
5.30738 
0.122485 
0.604953 
3.44151 
0.497592 
5.03512 
2.18821 
6.27911 
1.06869 
6.43408 
1.51651 
0.974104 
5.76446 
3.29155 
0.0507554 
6.04595 
2.26696 
6.85041 
5.90078 
5.3916 
1.55334 
4.05405 
5.36383 
3.90039 
5.80804 
0.702882 
4.34581 
1.95556 
2.03474 
2.90258 
0.677634 
6.98825 
5.46037 
2.50129 
4.18799 
2.58662 
3.27717 
3.33185 
5.46697 
1.32596 
4.38243 
1.54753 
4.31961 
2.64308 
0.289273 
3.80325 
4.2176 
3.27937 
5.36245 
1.74771 
1.75321 
3.27868 
0.788388 
6.43203 
2.04446 
5.23784 
0.295505 
3.54453 
2.87855 
2.75697 
3.40925 
4.2819 
5.91374 
6.25806 
4.15233 
5.14339 
1.90745 
5.47864 
1.52994 
2.64222 
6.75525 
2.50148 
0.30918 
2.38268 
5.70208 
4.83907 
4.17232 
5.1253 
5.96356 
3.51207 
3.44344 
4.90876 
6.45178 
5.1301 
2.5215 
0.775336 
4.07636 
2.30361 
6.81218 
0.346135 
0.483571 
0.383716 
2.12102 
3.94262 
1.53658 
2.34037 
1.61915 
4.06119 
6.37554 
4.77974 
1.12125 
0.871883 
2.74081 
4.77041 
5.21113 
6.51657 
1.92984 
3.76454 
4.54668 
4.02892 
2.98268 
2.90592 
0.797812 
3.82341 
0.0307875 
6.44572 
1.17724 
3.93294 
6.89556 
1.65046 
5.27737 
6.74432 
0.704892 
3.11415 
0.471604 
2.25115 
0.122989 
2.08369 
6.56199 
2.30142 
4.94879 
0.238699 
0.808418 
0.0888867 
2.91942 
3.67425 
6.19639 
3.65762 
6.61531 
2.51329 
2.91475 
2.1966 
0.203364 
1.94177 
1.26012 
3.81567 
2.92627 
6.88169 
6.55219 
5.59896 
0.731628 
4.47747 
2.8814 
1.65897 
1.27998 
1.66087 
5.32469 
4.08369 
6.55857 
0.950943 
1.50487 
1.26724 
4.5219 
0.622681 
0.407966 
3.68924 
6.02315 
4.13152 
5.4084 
4.04775 
4.61386 
6.12316 
4.89409 
4.99248 
6.63899 
1.45926 
4.75705 
4.73847 
0.528302 
3.16606 
4.93781 
4.80716 
6.95263 
1.91802 
1.18329 
0.552207 
5.94897 
3.36459 
2.65869 
3.6326 
6.07536 
6.57271 
0.590201 
0.512559 
4.57755 
4.89427 
0.930853 
6.84386 
0.69945 
2.65583 
4.53392 
6.66001 
4.83199 
4.30144 
5.24625 
1.72695 
2.8555 
0.463101 
6.33658 
0.875009 
6.26816 
5.94778 
4.3131 
5.32088 
3.06171 
1.17407 
6.53424 
4.95854 
3.22994 
0.660616 
0.972064 
6.47435 
6.41424 
4.13872 
0.538546 
0.334724 
4.70564 
1.68926 
6.39116 
1.16985 
5.72626 
5.23561 
4.86213 
6.80306 
0.97899 
3.89033 
4.83529 
3.65392 
0.408236 
1.2157 
6.34984 
6.78127 
5.75735 
2.83995 
5.06782 
5.89444 
3.7706 
1.54106 
0.556977 
2.1043 
2.92942 
3.68702 
3.68872 
4.29076 
0.87133 
0.436085 
0.283309 
1.57721 
6.12662 
0.157881 
0.501665 
3.48473 
5.84022 
2.56156 
2.13009 
2.4789 
5.81516 
1.31659 
0.870944 
0.960109 
1.55128 
4.41973 
5.32306 
4.71068 
2.40918 
3.13477 
4.15706 
0.674772 
0.88519 
2.38387 
4.62159 
3.05515 
2.97066 
3.80942 
2.94811 
2.83497 
5.41269 
6.12997 
0.398695 
1.86029 
3.95558 
2.41778 
0.625008 
4.51331 
3.243 
3.15451 
6.80179 
0.645599 
0.58359 
1.40186 
6.07157 
5.82564 
2.60204 
3.4884 
4.57576 
2.83895 
2.22994 
0.682428 
3.56788 
3.34638 
4.67216 
5.96101 
2.7778 
3.44807 
5.70161 
3.88834 
6.38026 
6.99014 
2.33969 
4.13603 
4.2146 
1.80063 
2.25343 
3.38367 
1.29013 
4.23334 
1.69755 
5.74912 
4.38539 
2.25917 
1.88386 
1.10708 
0.618326 
4.20059 
4.24275 
5.93127 
6.77516 
1.16845 
3.17535 
0.14351 
3.97232 
3.75098 
0.660118 
6.59977 
0.399334 
5.5984 
5.3255 
3.65525 
1.86931 
1.53927 
5.44293 
3.34383 
3.70565 
1.84486 
3.49392 
6.35926 
4.14953 
0.181055 
4.98971 
2.09707 
0.488426 
4.98218 
1.46475 
6.05872 
6.92513 
1.63775 
1.67797 
5.65203 
3.7269 
1.96086 
0.115463 
1.58099 
6.66113 
2.57972 
6.28527 
6.54893 
6.93737 
4.33097 
4.55975 
6.64476 
0.434219 
3.9193 
1.65352 
0.665638 
1.38585 
2.98585 
0.143662 
6.52868 
2.46487 
1.04893 
3.32696 
0.293158 
6.11327 
6.69667 
4.95318 
4.17154 
6.01864 
5.26051 
3.3911 
0.240511 
3.27161 
0.881624 
5.45221 
5.35745 
1.67041 
4.57738 
2.04448 
5.60221 
6.30031 
0.261513 
6.25274 
5.80124 
5.49209 
3.5381 
6.81837 
6.26082 
1.64948 
2.84961 
6.37548 
3.73226 
1.10369 
6.65556 
0.00715198 
1.20335 
1.71364 
3.06513 
2.67613 
2.73358 
2.24949 
0.110864 
1.29544 
2.504 
0.666539 
2.51817 
0.956912 
3.81215 
6.852 
4.58224 
6.73049 
6.32764 
4.61755 
5.11044 
1.08444 
5.13752 
1.32401 
6.67017 
0.609075 
2.72977 
1.21283 
6.96147 
3.36315 
6.53003 
4.1579 
0.889454 
4.05059 
3.32833 
2.21695 
6.21394 
4.68762 
6.82884 
0.384443 
0.328557 
6.05841 
1.69572 
2.98154 
4.825 
5.72419 
5.37974 
5.24965 
2.93789 
6.1122 
2.74727 
1.34989 
0.634138 
3.95628 
0.174333 
4.0073 
3.67136 
6.62897 
1.18107 
5.16063 
4.75083 
5.15306 
3.44241 
1.56845 
5.90839 
0.332502 
2.3643 
4.83218 
0.410188 
6.02877 
0.495006 
3.56766 
6.60131 
5.20978 
4.70224 
0.51667 
3.66962 
5.35176 
4.09859 
5.03594 
2.07402 
5.09512 
2.72191 
2.09224 
3.26321 
6.8071 
5.92207 
6.15362 
5.83007 
6.96149 
3.69192 
2.03789 
6.87067 
3.40555 
5.00394 
3.14687 
4.42014 
5.2841 
0.89174 
0.473324 
3.15621 
0.452099 
3.4197 
4.96637 
1.74445 
2.94102 
2.69636 
6.75745 
4.3909 
3.77976 
1.44553 
5.0086 
4.49173 
4.47997 
2.88885 
0.871493 
3.17646 
4.84521 
2.51396 
0.0943659 
4.00776 
4.40388 
5.01596 
2.28424 
3.16017 
4.04353 
3.58082 
3.89959 
6.33963 
3.19173 
2.39123 
2.48488 
1.36311 
5.81987 
3.55055 
6.01812 
3.59627 
4.56197 
2.07934 
3.43251 
3.18208 
1.15227 
4.28576 
0.733548 
1.73622 
4.73118 
3.94281 
4.76969 
0.258342 
1.95578 
5.72394 
1.18516 
3.91441 
3.48743 
2.28075 
0.482542 
4.07918 
0.836855 
2.01695 
4.86914 
5.67625 
4.81542 
5.82728 
2.14899 
5.06513 
2.72022 
1.68594 
6.57427 
5.68706 
4.37329 
1.90109 
3.66886 
6.56312 
0.433566 
6.93724 
2.1192 
1.45467 
4.55828 
3.07234 
4.76694 
2.91162 
5.66892 
0.501404 
6.10437 
4.1925 
1.30757 
3.32046 
2.91825 
5.11024 
4.82125 
5.71983 
2.19613 
6.41497 
2.37497 
2.13495 
0.0541843 
0.675497 
6.08533 
6.19645 
4.7337 
4.27195 
6.71146 
1.55599 
6.49514 
5.77773 
2.29423 
3.0855 
1.99569 
4.59131 
5.11633 
2.18685 
4.34826 
1.18939 
5.13152 
5.47978 
6.67238 
2.7344 
2.01236 
4.7313 
5.90026 
3.68589 
5.70548 
5.94027 
4.13768 
4.06725 
3.24337 
2.34177 
4.10481 
4.52275 
0.783784 
6.06567 
4.75967 
6.69971 
6.9658 
6.13078 
6.99973 
2.54234 
1.15355 
4.63224 
0.10301 
2.29735 
6.6352 
0.844987 
5.70208 
4.82542 
5.90195 
4.10523 
4.53638 
5.89878 
6.79758 
6.90999 
6.19058 
4.11646 
4.35178 
4.33122 
1.73362 
2.93101 
2.55299 
5.1625 
1.21613 
6.57034 
2.70308 
0.649136 
4.03056 
2.66232 
1.57431 
6.4749 
1.62473 
6.91085 
6.68439 
1.57708 
3.96006 
0.683527 
1.03593 
1.82736 
3.41865 
1.30897 
5.81603 
2.03819 
4.87042 
6.2169 
5.37433 
5.44525 
0.245484 
2.85694 
3.59209 
4.33586 
2.79634 
0.053584 
4.58588 
4.805 
5.66037 
3.78068 
2.80652 
3.25075 
0.436523 
0.642851 
3.39936 
6.10256 
1.72674 
6.2389 
4.19351 
4.33917 
2.3558 
1.86391 
1.81298 
6.76073 
3.54089 
4.79609 
2.91339 
0.306721 
3.05593 
1.98868 
5.71548 
6.0832 
5.36651 
6.92811 
2.76839 
6.24925 
3.20256 
2.34941 
6.58501 
4.33961 
2.81346 
0.775321 
3.81284 
4.42629 
3.58098 
6.59619 
3.21069 
6.02791 
0.12879 
1.5676 
5.6266 
3.23056 
4.1042 
1.31194 
6.77234 
2.73678 
0.0679994 
1.86637 
1.14105 
4.57248 
3.60617 
2.93843 
1.17708 
1.12731 
4.70311 
1.23214 
2.54348 
6.21398 
5.33994 
1.37195 
0.332442 
1.3584 
3.67488 
2.72494 
4.10326 
6.52028 
1.40032 
1.09792 
0.764311 
0.773085 
1.24283 
0.298109 
5.32371 
1.61555 
6.58629 
4.81046 
6.31837 
2.90502 
6.66746 
3.99987 
4.77484 
2.70223 
0.317215 
4.42909 
1.75013 
0.39998 
2.4629 
2.89916 
6.16308 
3.8546 
6.22334 
1.61476 
0.256655 
1.59582 
4.00177 
1.75983 
2.49172 
4.28249 
1.79584 
5.6824 
3.05769 
3.52951 
2.51681 
6.01756 
1.21436 
4.71767 
0.910119 
1.37632 
3.72686 
1.29495 
1.22276 
5.90215 
0.414653 
4.07932 
3.1429 
0.757764 
2.73293 
5.39628 
3.21469 
3.37049 
3.8922 
1.23282 
0.0854931 
1.88242 
4.8449 
4.2405 
3.14349 
3.60803 
6.19309 
4.25479 
5.27073 
0.215501 
2.92411 
5.58679 
6.21814 
5.33881 
3.32373 
1.95523 
3.58937 
0.592649 
6.6514 
0.0686579 
5.93406 
4.8303 
3.86128 
6.52483 
0.858284 
5.18626 
1.45951 
1.95793 
6.96164 
6.24104 
5.21087 
2.08017 
3.34001 
2.62083 
4.34345 
4.32209 
2.31103 
5.52408 
2.29646 
5.61787 
3.55864 
2.14259 
2.44849 
5.7336 
2.59099 
6.76225 
1.13368 
6.7025 
4.96494 
5.80227 
1.74874 
5.07407 
5.95067 
3.90676 
0.84364 
4.06103 
3.79042 
5.66448 
2.88288 
5.60546 
4.92739 
4.58053 
5.951 
2.3908 
2.21332 
1.28877 
2.35897 
6.12647 
4.65017 
0.426664 
2.9386 
4.08225 
3.34888 
4.66553 
6.53706 
3.34031 
0.520821 
3.44261 
4.99144 
3.19618 
0.165455 
1.79655 
3.6405 
5.93263 
1.79143 
1.51963 
4.39879 
3.42913 
2.3629 
2.28264 
4.3372 
4.36989 
0.706699 
5.48305 
5.62861 
2.00663 
6.44805 
5.3108 
1.68043 
4.9841 
5.75446 
3.14046 
1.62802 
6.08874 
0.369862 
0.2667 
2.4286 
0.497394 
1.69621 
4.27396 
5.42535 
1.83211 
6.20972 
3.71052 
6.70585 
5.14122 
0.500297 
1.4981 
6.62265 
6.81548 
6.75252 
5.67784 
3.48193 
0.797463 
4.96151 
4.14823 
6.34863 
0.438984 
0.00148734 
3.99771 
3.56223 
6.35649 
6.49142 
6.26868 
0.742622 
0.24484 
6.02367 
5.85421 
6.69327 
3.82508 
0.110791 
0.0612007 
6.60019 
0.440413 
3.01642 
2.96527 
4.29159 
0.77489 
3.5798 
0.649399 
1.45387 
5.18942 
5.59031 
2.35646 
6.01197 
5.26378 
2.36058 
5.33776 
6.70271 
1.41445 
0.740083 
6.57252 
4.41297 
3.7744 
2.26293 
1.99346 
2.07932 
3.07778 
5.23183 
4.34105 
5.96853 
3.05851 
3.4111 
0.43395 
6.39952 
1.6601 
6.30283 
0.724114 
4.17687 
4.68084 
4.9335 
2.33882 
3.61948 
2.63671 
5.15889 
3.52248 
3.39253 
3.31735 
6.70307 
0.449086 
1.79316 
2.63468 
6.01829 
6.41154 
0.808973 
2.40342 
4.22336 
2.08165 
0.274944 
0.986924 
4.23404 
6.52215 
4.72094 
6.77611 
3.14939 
4.78878 
6.09709 
0.729447 
2.8199 
4.08625 
0.648184 
2.02497 
6.70485 
2.46397 
6.96985 
4.33901 
6.76328 
4.44544 
3.52758 
5.06993 
6.26243 
0.689784 
1.19609 
5.6538 
5.40431 
5.22813 
5.1183 
0.332288 
5.77175 
6.77821 
3.38793 
2.94141 
2.28448 
0.294438 
6.61704 
3.58106 
0.914474 
4.56726 
6.94399 
3.61566 
1.41384 
4.3309 
3.47276 
0.755975 
0.677835 
3.37843 
4.21021 
5.08113 
5.50024 
0.501916 
0.703745 
4.83644 
2.01183 
2.86726 
2.04294 
0.676444 
0.987162 
1.22592 
3.02868 
5.99355 
3.56915 
3.74267 
1.01657 
5.43881 
4.07261 
2.34818 
6.87129 
6.80032 
3.94263 
1.73446 
3.14181 
3.34412 
1.57112 
1.86238 
3.94381 
0.597328 
1.28738 
0.0711338 
5.54559 
6.67766 
0.440118 
5.05765 
2.88578 
5.27066 
5.9686 
4.32371 
1.54686 
0.0791255 
6.86254 
6.74617 
3.80698 
3.86268 
2.08927 
2.37922 
3.51767 
6.51767 
6.43136 
4.83263 
1.01714 
1.02348 
2.66639 
6.98448 
5.17645 
4.65636 
6.37559 
5.58234 
1.32143 
5.19767 
4.31184 
5.0506 
3.47569 
0.941959 
4.50655 
1.61095 
6.30316 
6.16696 
6.13164 
0.402164 
4.16775 
5.31408 
0.785614 
1.81505 
6.62624 
4.20792 
1.56702 
2.83714 
6.81902 
3.29904 
6.96743 
5.52877 
4.01775 
4.2507 
6.51257 
4.81773 
2.65745 
3.70259 
6.35776 
6.7932 
3.2943 
4.28615 
0.339309 
4.75939 
2.09172 
1.54151 
1.09599 
3.35101 
5.4466 
2.0207 
4.84424 
0.171607 
0.197415 
6.95601 
2.64231 
1.28878 
2.54184 
6.63843 
6.12413 
0.245646 
5.57787 
3.2826 
3.59338 
5.0185 
2.97688 
3.37451 
1.43036 
2.12556 
3.32772 
6.00811 
3.35002 
2.77127 
5.71701 
3.80845 
0.681523 
2.35535 
1.37607 
6.56033 
2.39114 
0.861776 
0.872767 
3.58771 
0.558336 
3.95352 
2.86958 
6.02606 
4.00457 
6.8302 
2.15708 
1.03993 
6.04377 
0.661383 
6.86079 
5.37615 
0.949412 
3.77008 
6.7392 
5.76738 
3.37914 
2.1864 
3.80837 
6.21045 
1.98654 
4.77729 
1.84693 
3.33013 
4.41728 
6.17852 
4.46006 
4.28871 
1.33803 
4.28509 
3.4471 
3.43425 
4.51802 
5.29431 
4.47279 
1.12094 
2.67951 
3.52142 
6.44182 
5.61571 
2.22397 
5.3335 
5.20209 
1.46573 
1.54565 
0.71964 
5.98662 
6.08343 
2.18839 
2.30235 
6.53779 
1.70278 
2.55867 
2.56471 
6.07063 
4.06226 
3.34451 
1.09597 
2.91635 
1.10092 
2.21231 
5.33322 
0.344776 
5.64212 
5.19211 
1.85366 
4.52499 
3.56778 
1.70005 
5.77766 
1.09225 
3.512 
2.13031 
6.10405 
5.72401 
2.43501 
3.2361 
6.14618 
6.78951 
4.34482 
6.42332 
2.76797 
6.3545 
1.14656 
6.26235 
6.33019 
5.58307 
6.65283 
3.16204 
0.43641 
5.74741 
3.7886 
3.072 
6.08589 
1.47274 
0.344011 
6.79174 
6.82548 
6.78457 
5.27928 
3.92659 
5.16741 
6.62278 
2.03223 
2.64718 
6.08491 
6.00395 
3.32255 
3.18041 
1.11237 
5.6699 
3.03227 
3.35203 
1.50964 
4.57487 
1.81209 
5.73058 
0.795654 
2.55508 
5.26754 
2.46563 
6.88654 
4.15547 
1.96997 
6.30061 
5.3945 
1.3634 
3.59665 
3.85031 
4.19289 
0.952392 
4.84872 
5.50496 
2.83175 
0.188828 
2.6378 
2.48664 
2.92553 
1.40242 
1.44439 
6.82304 
0.757874 
4.59314 
0.955451 
0.2657 
6.6271 
4.67303 
6.54703 
2.8851 
0.84265 
1.41112 
0.721475 
1.83478 
2.08843 
2.19138 
3.52688 
0.299459 
0.0059538 
2.06547 
1.33018 
5.36709 
2.73603 
1.47757 
4.52737 
1.50273 
0.390898 
3.82877 
6.13516 
3.60912 
3.55885 
5.66841 
6.01127 
0.464879 
1.22732 
5.59931 
6.56087 
4.58438 
0.593081 
6.90888 
1.50652 
1.06099 
3.14278 
5.78097 
0.786865 
1.84839 
6.90572 
4.4889 
5.96196 
4.65662 
3.75644 
1.51694 
1.17855 
4.90227 
2.43682 
5.54995 
2.93484 
3.86155 
4.0662 
6.63292 
4.50854 
0.078309 
0.138949 
4.31389 
4.58527 
1.6458 
4.0091 
5.91328 
5.45383 
4.48459 
3.42865 
1.29675 
3.43974 
5.77915 
5.11522 
4.54667 
3.82517 
1.65944 
2.23257 
2.75893 
1.29392 
4.86629 
6.73322 
3.29207 
1.80961 
6.0354 
6.94088 
0.310955 
4.22346 
3.68914 
4.3474 
0.786471 
2.21924 
2.71611 
2.62405 
2.45802 
4.88905 
4.19476 
4.40976 
5.75515 
0.826226 
5.38255 
3.55225 
6.72404 
2.94636 
1.52056 
6.13111 
5.61318 
1.75781 
3.55968 
5.52206 
3.33851 
5.33583 
2.29209 
2.20543 
1.69057 
0.435652 
2.73255e-05 
0.459259 
4.76895 
1.67591 
6.04839 
1.31426 
3.74401 
2.62512 
6.46045 
3.79239 
3.71383 
6.28541 
1.87213 
6.87748 
5.72602 
1.18221 
3.33705 
1.71701 
3.73727 
1.2138 
2.36934 
5.49447 
1.50953 
2.73838 
5.94395 
2.9193 
1.7076 
6.59175 
5.61863 
2.25826 
0.565273 
1.53665 
3.54317 
1.00412 
6.26513 
4.02107 
4.11262 
2.8638 
6.92373 
6.06482 
4.43854 
6.48885 
5.03335 
0.434978 
2.67375 
4.76149 
2.2803 
6.95689 
3.49901 
0.89356 
3.0577 
3.68006 
5.7777 
1.84154 
3.8083 
5.02825 
5.80903 
3.32655 
0.368551 
6.24061 
4.9753 
4.94811 
2.90799 
0.528719 
3.17202 
0.145775 
0.0458515 
0.625828 
4.297 
0.753952 
1.66948 
2.99303 
1.84539 
5.43712 
3.72131 
6.10681 
3.14545 
1.64467 
5.97825 
5.41842 
4.37301 
4.147 
6.56561 
0.132578 
2.24553 
3.60994 
3.23731 
5.39072 
0.901481 
3.1878 
6.30607 
6.10866 
6.27137 
3.92577 
5.41412 
2.13614 
6.04393 
3.3117 
2.68583 
4.80685 
1.77144 
1.53459 
3.8591 
4.90917 
6.44799 
4.44198 
1.27595 
3.97047 
0.627361 
2.05113 
5.31187 
5.52476 
6.56105 
0.534799 
0.366144 
0.781265 
5.7265 
2.31799 
3.47164 
2.89562 
2.60215 
5.40395 
6.1071 
1.01958 
0.142984 
2.12762 
2.92353 
2.75143 
1.20594 
3.15283 
6.53754 
4.49905 
1.45575 
1.81163 
5.07717 
1.99263 
2.11051 
2.30353 
5.38417 
2.69823 
3.22527 
6.16335 
1.34534 
1.21156 
6.68182 
0.326402 
4.83835 
6.12601 
3.81948 
4.02966 
1.52227 
6.77545 
6.02396 
3.61373 
3.95222 
1.89011 
1.14337 
1.59619 
3.22081 
1.10627 
1.12647 
4.60222 
6.49464 
4.34479 
5.93289 
6.08402 
5.10259 
2.29469 
3.93619 
5.47174 
4.57924 
5.27422 
2.73207 
4.84078 
4.97323 
5.08107 
4.45955 
2.65915 
4.35284 
1.2111 
5.88674 
0.426336 
4.42623 
2.67731 
1.58548 
5.24216 
2.99043 
0.159722 
3.44515 
5.61999 
4.11603 
4.1447 
2.99671 
0.704964 
4.32538 
1.65431 
6.99763 
2.19336 
1.73965 
6.34254 
3.06736 
5.08896 
4.18836 
1.68507 
6.02091 
1.35541 
2.36411 
1.67993 
3.54064 
0.606331 
5.60542 
4.30914 
1.75295 
5.90857 
3.32363 
0.265402 
1.60785 
3.06951 
6.20817 
5.63059 
0.361349 
4.19199 
6.78594 
0.241366 
3.64166 
4.3352 
5.67353 
1.07523 
4.32439 
6.07211 
0.993625 
4.8609 
0.186139 
6.4306 
6.10173 
1.83791 
5.78084 
5.63224 
0.100702 
5.49371 
2.73163 
4.5432 
1.53574 
2.23246 
1.02379 
0.840135 
1.14394 
4.16438 
4.66447 
2.68216 
6.05581 
6.91769 
2.5806 
0.0696582 
1.74455 
4.66005 
5.44538 
2.44404 
1.05777 
4.97239 
4.95497 
6.17037 
0.41133 
4.21833 
1.44467 
4.5688 
4.90492 
5.05963 
1.13975 
3.72866 
3.53642 
6.6815 
1.89177 
0.998262 
5.79028 
3.16787 
0.460003 
3.26328 
0.993953 
3.36456 
2.18952 
0.205274 
6.0475 
0.414605 
3.25985 
6.34726 
5.3469 
6.31222 
4.46992 
1.87413 
5.51691 
0.683157 
1.82336 
6.13113 
5.9139 
1.83425 
0.182974 
2.23608 
5.85407 
4.40465 
3.88738 
4.22445 
6.29637 
4.14079 
0.300351 
0.994523 
5.95044 
0.0401145 
2.20479 
4.98479 
3.3168 
4.41253 
3.44 
3.07168 
0.777423 
4.15334 
1.12168 
1.03891 
2.99645 
3.36663 
1.90404 
4.2453 
6.68055 
0.0600123 
0.62661 
3.42975 
5.74091 
6.46739 
1.4182 
0.662973 
5.57929 
6.15186 
4.24809 
4.666 
0.540374 
3.0663 
1.32375 
2.19537 
0.563327 
3.83075 
4.4134 
3.9658 
6.25878 
2.30026 
6.46739 
1.37645 
6.04041 
0.180503 
2.71205 
4.46765 
5.7377 
1.60439 
1.0019 
3.95672 
0.543462 
5.96325 
5.26382 
3.04424 
1.55817 
1.09442 
4.87943 
3.55657 
2.31433 
4.90133 
0.644008 
1.84186 
2.222 
0.136292 
1.65613 
2.54771 
0.318617 
0.00273455 
3.9595 
5.32325 
0.89361 
3.90686 
2.53007 
4.95516 
2.38086 
3.05356 
4.09997 
0.149887 
6.14833 
1.02858 
4.41982 
6.95071 
4.62448 
2.64804 
6.60271 
0.759423 
2.61675 
5.75402 
2.87903 
3.89511 
1.13672 
1.89771 
2.83232 
2.81114 
3.7968 
0.828933 
1.87918 
6.3361 
6.85208 
5.90847 
1.59792 
4.18312 
4.6343 
6.71542 
5.03232 
4.13001 
1.02347 
2.52192 
0.92845 
1.45781 
1.43357 
0.0251571 
2.81472 
0.924855 
4.03387 
2.17948 
6.55444 
1.41084 
3.03515 
2.71723 
0.444366 
6.45484 
0.431093 
0.385155 
5.30134 
3.69825 
3.47322 
1.41201 
1.67756 
5.70639 
0.280667 
6.17238 
6.25883 
3.2391 
0.608915 
0.0352979 
5.25159 
0.405536 
4.83709 
5.89276 
3.67028 
2.32194 
6.82701 
4.48243 
2.21204 
0.7352 
1.49963 
4.24852 
4.86366 
4.50338 
4.34615 
0.714621 
5.6423 
1.10134 
2.21181 
3.89097 
1.45347 
5.47031 
1.50536 
2.56404 
1.78342 
6.86958 
6.08202 
6.49976 
6.40825 
1.50552 
5.32567 
6.60195 
2.03039 
6.74352 
1.34545 
3.00362 
4.80993 
4.56626 
4.16961 
1.56973 
6.43709 
3.16475 
3.92854 
3.02857 
4.19919 
1.76893 
1.35484 
6.84217 
0.361521 
0.0810009 
3.38198 
0.878791 
6.83406 
3.96768 
2.82966 
0.0307662 
6.08825 
6.18877 
1.65985 
2.05078 
6.50689 
0.316534 
6.98147 
3.55895 
0.250811 
1.37358 
6.79376 
5.7802 
1.74151 
2.48084 
3.44124 
2.89245 
5.49058 
6.19376 
1.57904 
1.90022 
3.00237 
4.85275 
3.14946 
5.92841 
0.840569 
1.44283 
1.70021 
1.45476 
6.17114 
6.37972 
4.91174 
0.530811 
3.3412 
1.61052 
6.05888 
2.63335 
4.71088 
5.83245 
5.02638 
2.4362 
2.15978 
4.34037 
1.56988 
2.03081 
6.84004 
6.57716 
5.35149 
6.52381 
4.59495 
3.31701 
1.04026 
4.62479 
0.784259 
0.0384732 
2.61982 
1.39748 
2.44169 
3.4432 
0.912439 
5.36333 
2.42927 
4.67383 
6.10303 
2.69871 
4.28759 
3.55273 
0.656793 
6.72766 
0.785904 
6.69428 
6.75565 
2.25636 
3.65336 
5.04703 
6.42039 
2.51231 
0.313322 
2.00425 
1.34863 
0.484878 
1.33908 
0.867322 
3.0866 
6.50357 
0.468087 
6.13831 
0.605322 
2.63896 
1.06281 
5.71039 
4.55088 
4.60587 
4.84165 
5.56023 
0.762127 
6.0604 
0.158584 
5.31465 
3.25447 
6.91264 
1.81498 
5.40843 
4.53347 
6.11207 
0.500663 
0.638579 
1.59277 
1.68401 
2.14223 
3.45911 
2.23201 
0.43881 
4.07199 
5.9567 
0.178471 
3.56696 
1.85402 
3.43669 
3.42528 
0.713804 
5.90671 
0.0216366 
6.64714 
5.56343 
5.64112 
2.33994 
1.32212 
2.83135 
0.419316 
5.44949 
1.59594 
5.99012 
1.98721 
2.06866 
6.01771 
3.57464 
5.01536 
6.11879 
1.54175 
5.20308 
4.22532 
6.98516 
2.60233 
1.30402 
6.69757 
6.08293 
0.866668 
6.09298 
1.68794 
5.22805 
3.8845 
4.7946 
5.85952 
4.96086 
0.231254 
1.68256 
5.84187 
2.30842 
3.57655 
2.0501 
1.96246 
6.13445 
5.75007 
6.42615 
1.34746 
1.68452 
3.78581 
5.16001 
1.35074 
0.900208 
2.7988 
6.42334 
3.09942 
4.97983 
4.03196 
5.09544 
1.0227 
3.50461 
3.99233 
4.0828 
5.6392 
4.99156 
5.10159 
6.35536 
1.46829 
2.60162 
3.44426 
4.59493 
3.00189 
3.80276 
2.93209 
6.69535 
3.69843 
6.44715 
4.19305 
3.63273 
1.25272 
5.43768 
6.03568 
4.64846 
6.68514 
0.0915761 
6.11944 
5.43901 
0.393925 
5.69702 
3.8799 
4.45005 
4.039 
4.53916 
3.70081 
4.55834 
3.98335 
0.16009 
2.63794 
4.92022 
3.20614 
6.61054 
6.32696 
0.197207 
3.45999 
2.97542 
6.90257 
0.445206 
6.57901 
1.49352 
6.50967 
5.06658 
5.9367 
0.146154 
6.40749 
2.72231 
1.81633 
0.137735 
4.92011 
1.31076 
0.920544 
1.58563 
0.766908 
2.4232 
0.658635 
2.68446 
2.66694 
2.25475 
4.50267 
6.36005 
3.329 
6.58015 
6.507 
2.12218 
2.45919 
3.52965 
4.7987 
4.70123 
4.52452 
2.58474 
6.65693 
1.99252 
0.24334 
1.80726 
1.60003 
4.70166 
4.81437 
2.19443 
5.72308 
0.740597 
1.22109 
5.90345 
1.21371 
0.884458 
4.093 
2.02296 
0.96615 
5.08153 
5.2308 
1.02665 
6.94675 
1.07014 
2.8445 
4.48311 
6.70721 
0.14998 
0.706735 
6.09604 
4.06279 
5.28228 
5.30233 
6.23914 
1.22078 
0.659575 
4.47568 
0.672849 
3.57971 
6.12195 
5.61837 
4.9655 
1.22001 
1.77304 
0.404457 
0.707168 
6.37039 
2.09612 
5.49429 
5.4645 
1.805 
5.55882 
5.07787 
6.82747 
5.26529 
6.78162 
4.64741 
2.99547 
0.832859 
4.85587 
6.59858 
1.25406 
6.91174 
0.58043 
4.29078 
1.14827 
6.90072 
4.37764 
4.91213 
0.0953191 
6.02869 
6.17541 
1.11274 
4.74354 
1.66968 
6.35111 
0.0272222 
2.52393 
6.65072 
2.6109 
5.40145 
6.17224 
3.82004 
6.48586 
3.92326 
5.15039 
0.587201 
6.09557 
3.17014 
3.50061 
6.75866 
3.79925 
6.97763 
2.1079 
0.438606 
0.650694 
2.21261 
3.31187 
5.66179 
6.65618 
3.42839 
3.8713 
0.00282519 
5.4829 
3.02218 
1.71397 
1.69638 
0.140069 
2.14182 
3.56836 
4.39183 
5.46607 
0.187389 
6.44421 
3.90599 
1.99348 
2.37745 
1.87828 
5.26097 
4.15917 
1.20367 
0.089756 
3.52871 
3.10647 
4.5168 
5.85128 
6.43097 
5.37139 
4.97077 
5.67082 
4.50103 
6.73799 
6.38412 
1.89141 
1.99469 
1.81068 
3.10324 
6.23705 
1.1793 
3.49692 
0.674687 
6.45953 
2.32884 
3.80049 
6.88847 
1.55792 
3.98508 
1.25377 
2.15928 
3.10011 
2.53735 
1.27676 
3.45454 
2.47717 
4.72755 
6.00011 
1.79639 
1.00005 
0.845209 
2.42343 
4.59677 
5.921 
2.1978 
6.49733 
0.583328 
3.9951 
1.61535 
3.1593 
3.30686 
5.3711 
0.102553 
1.61508 
5.58928 
5.97238 
4.77773 
2.36562 
5.9732 
4.62744 
3.39781 
1.01907 
5.53255 
4.48925 
4.79334 
5.67334 
4.74838 
5.97833 
6.85054 
1.07825 
6.09809 
3.5773 
0.611051 
0.930158 
2.16313 
4.65525 
1.80214 
6.55043 
4.08245 
6.74975 
0.96445 
4.51816 
0.709982 
4.6634 
5.74848 
0.711929 
2.39138 
4.94635 
1.31286 
1.24975 
4.60354 
0.641962 
2.44997 
2.56422 
4.82144 
1.94511 
1.44478 
6.39067 
6.92894 
2.64455 
4.01071 
4.95002 
6.95061 
2.96248 
6.41489 
1.01209 
0.276058 
5.69898 
1.80017 
1.53138 
5.8627 
2.43128 
3.44902 
0.714647 
6.06978 
3.82687 
2.13011 
2.81982 
2.73274 
2.24003 
2.12934 
3.83374 
5.6324 
2.73025 
2.34899 
6.54142 
6.56642 
6.86877 
6.45364 
1.35621 
1.8809 
0.226149 
6.89171 
6.99347 
2.31135 
3.77858 
2.66282 
2.94151 
3.91882 
0.541509 
1.14284 
6.73621 
4.50006 
4.50039 
2.98892 
2.8613 
6.80649 
2.6402 
0.910594 
2.36046 
3.18527 
5.86484 
3.28269 
5.1943 
3.59922 
5.06795 
1.0936 
5.09985 
5.10296 
1.49215 
4.50141 
6.14702 
6.94191 
3.60097 
6.50503 
3.96693 
4.21885 
3.16736 
5.85367 
4.68225 
0.556558 
2.07779 
5.43476 
5.98436 
3.05893 
3.39778 
0.532803 
1.82669 
6.21937 
4.94334 
6.77934 
1.37621 
2.00224 
2.62795 
5.03396 
3.75908 
3.82622 
5.23302 
3.39127 
3.12875 
0.976942 
4.46973 
5.6969 
1.77875 
5.36853 
5.92255 
0.279595 
2.14782 
6.36663 
1.86819 
3.67069 
2.25257 
2.98376 
0.0198951 
5.37771 
6.22952 
0.588122 
0.561363 
5.83482 
2.75627 
5.70546 
5.59584 
4.29117 
0.632624 
6.50972 
5.78842 
6.92998 
6.13623 
0.62646 
0.910148 
1.86001 
6.15678 
2.97068 
4.17686 
4.51572 
1.74925 
6.57774 
1.019 
4.31353 
5.55798 
4.97517 
2.70474 
0.52178 
5.55235 
1.32226 
5.14654 
5.9278 
4.6159 
5.47797 
4.19429 
3.49371 
2.80703 
4.77825 
4.03742 
5.86784 
4.70336 
5.29294 
2.37177 
4.34706 
2.00604 
3.51352 
6.71482 
1.97502 
0.10074 
6.13737 
5.79394 
1.79171 
6.29854 
5.60837 
4.88415 
5.93051 
1.01485 
4.53868 
2.61231 
1.04352 
3.41649 
0.000648223 
3.89468 
0.914909 
4.87755 
6.99884 
1.56731 
0.69741 
3.36391 
5.27139 
4.20315 
5.37641 
5.29997 
1.5219 
0.648125 
1.03732 
4.16214 
2.09473 
3.15781 
6.24472 
3.9898 
3.60305 
6.51577 
2.5807 
1.75774 
2.26161 
0.927599 
1.15098 
3.54225 
6.58363 
2.07271 
3.96462 
0.291441 
5.25675 
3.16492 
6.88138 
1.31527 
6.79802 
0.253151 
5.70415 
4.61046 
4.96591 
0.986622 
6.16082 
0.965579 
2.48338 
4.12895 
4.23799 
2.84606 
2.78892 
1.36381 
3.62441 
1.52255 
4.54801 
5.42485 
0.517231 
6.09591 
2.01532 
5.54999 
3.63838 
5.31948 
0.451034 
6.52788 
3.08658 
6.1954 
1.16768 
4.17875 
1.25638 
3.92899 
3.54485 
1.32863 
0.252651 
4.30989 
0.308869 
4.16593 
2.74248 
4.7999 
3.88173 
0.262766 
6.30936 
5.40565 
6.6989 
0.417185 
4.62037 
3.60182 
6.82511 
0.683266 
3.65579 
3.8627 
2.32161 
1.34153 
0.172872 
0.464134 
2.69233 
2.07399 
4.63066 
1.48033 
1.93879 
0.212483 
1.20263 
3.57019 
0.243822 
2.92458 
6.43699 
1.40731 
6.7236 
2.58666 
3.93612 
4.28746 
1.41268 
5.83247 
5.25275 
6.03518 
3.28811 
5.33678 
4.32946 
0.206316 
2.55852 
0.0602321 
4.32073 
0.581127 
2.00904 
4.91616 
4.88193 
3.58851 
0.108591 
5.08687 
3.94461 
0.0598177 
4.35597 
4.78808 
1.27676 
3.57726 
6.98968 
1.61901 
1.63418 
4.58668 
4.28009 
3.50479 
0.022191 
1.96441 
3.90561 
2.51038 
2.94604 
3.11996 
0.0857913 
6.89379 
6.85833 
5.9292 
0.0786613 
6.05996 
6.70136 
6.76936 
1.56851 
6.93149 
3.60986 
1.87005 
6.87067 
3.4073 
6.4684 
4.40246 
2.15777 
5.62396 
0.938598 
4.01132 
1.22191 
5.61449 
2.79091 
6.87083 
6.09372 
0.0772559 
3.44051 
4.73285 
4.04374 
0.117223 
3.16992 
6.8937 
5.46439 
6.99683 
2.72594 
6.80226 
1.59424 
5.3866 
1.546 
6.6945 
3.48561 
6.58774 
1.08266 
3.1961 
5.89253 
6.833 
0.212875 
0.781928 
2.8641 
4.90277 
3.82718 
0.477253 
6.19897 
5.15658 
6.64181 
6.89405 
4.34798 
3.50213 
4.36098 
4.91869 
5.35647 
6.23931 
4.04191 
4.42838 
3.74814 
1.99265 
2.52194 
1.24505 
2.55595 
5.93567 
3.79894 
1.84777 
3.48082 
3.12973 
3.29387 
4.13194 
5.54256 
4.84469 
0.667727 
1.48551 
5.00042 
0.114616 
1.34708 
2.30738 
0.112976 
1.78654 
3.38105 
6.23768 
4.72292 
5.1528 
6.11991 
6.24806 
4.08894 
3.86464 
0.0190798 
5.67357 
1.66865 
3.04564 
4.09006 
1.68123 
4.40391 
5.54748 
3.54158 
2.34003 
2.80859 
2.93499 
6.29377 
2.3277 
5.61011 
6.12734 
5.21821 
6.5232 
1.46336 
3.73106 
1.94844 
1.38976 
5.6209 
5.51861 
1.24713 
2.47258 
4.67599 
0.428227 
1.21553 
3.49595 
5.39528 
0.52101 
6.6107 
1.96193 
4.20818 
5.90426 
0.843187 
3.44329 
2.4051 
4.51336 
3.98753 
0.344293 
4.53609 
1.03265 
2.73089 
5.98926 
1.42591 
4.22616 
0.0691274 
6.82359 
3.12839 
1.91842 
0.96332 
6.5273 
0.373221 
0.725776 
4.11307 
3.28947 
0.108654 
6.15012 
3.14236 
5.57647 
0.728293 
4.41389 
5.19598 
3.87064 
2.83466 
0.111517 
5.27225 
4.64492 
3.11074 
6.13285 
6.85084 
6.0483 
6.85507 
0.181103 
5.79083 
5.4366 
2.00481 
3.86833 
6.05194 
4.93999 
6.45909 
1.90903 
4.13737 
5.75155 
3.38305 
4.94012 
1.55926 
5.41679 
5.04755 
1.22121 
0.807374 
3.54297 
4.74679 
0.369241 
3.84158 
4.38637 
4.67236 
2.32934 
5.1426 
2.62224 
0.00403313 
4.78475 
1.25383 
3.09911 
6.8154 
5.40247 
2.27785 
0.808246 
4.19106 
5.08029 
5.46963 
4.10529 
5.59646 
0.692184 
6.53847 
6.07036 
6.51289 
3.13825 
6.54504 
4.55711 
4.43179 
5.08377 
0.90939 
3.1101 
2.47227 
6.36271 
6.08155 
5.54032 
2.21464 
2.38164 
2.22421 
2.25597 
4.09997 
0.274741 
4.57067 
1.20029 
6.26538 
1.18645 
4.68038 
4.1508 
0.531539 
1.57498 
3.77252 
5.76267 
1.12842 
2.28528 
6.6656 
0.771175 
4.1395 
6.65726 
0.605965 
6.45881 
4.21339 
2.48985 
0.93716 
0.85285 
4.85132 
0.0835205 
3.72909 
3.83132 
0.00152126 
4.56775 
1.11703 
6.87013 
1.27378 
2.37042 
2.63496 
3.73946 
3.13533 
6.40793 
3.05035 
6.19889 
3.80225 
1.42218 
4.65986 
2.3186 
6.73 
5.13066 
4.98898 
3.85381 
0.0341667 
0.240349 
0.544375 
0.303203 
6.9324 
4.92193 
3.86949 
4.5266 
2.5482 
1.65091 
5.91965 
0.632143 
5.4343 
5.33632 
3.49083 
3.29846 
4.20279 
6.22355 
5.23706 
1.28575 
0.673911 
0.418279 
2.01862 
5.0288 
1.08335 
0.789342 
1.4758 
2.77479 
1.94654 
4.55454 
3.2016 
0.32799 
3.5266 
2.6397 
6.4592 
3.70148 
1.71084 
5.01608 
4.18817 
5.48943 
0.905864 
6.85707 
5.7182 
2.75985 
2.78256 
6.48977 
6.60082 
4.0386 
4.75376 
5.49079 
2.78884 
6.98817 
4.22739 
6.77507 
6.61432 
6.92753 
0.0610498 
4.06372 
6.96404 
4.62073 
2.66806 
0.159317 
3.63532 
2.74899 
2.34672 
3.24381 
2.7647 
0.251511 
6.14619 
6.96006 
0.684763 
0.818898 
1.213 
2.88537 
5.48619 
2.41158 
1.47124 
3.13105 
4.54573 
2.05581 
0.038574 
4.31327 
1.14946 
6.05449 
5.7828 
3.48897 
0.0951867 
3.80219 
0.384674 
4.22144 
4.74346 
0.316613 
1.30906 
0.445489 
4.33722 
4.65411 
3.63301 
6.04593 
1.9668 
1.98162 
6.16986 
5.78309 
1.33149 
6.31237 
0.0616649 
0.401901 
6.75299 
6.42624 
2.89063 
2.77944 
3.02082 
6.95843 
1.26354 
5.39673 
3.86805 
1.25275 
6.04754 
0.986282 
0.437588 
4.53802 
5.44578 
2.29508 
3.34368 
1.24812 
5.19015 
3.88912 
5.46594 
5.04038 
6.68279 
2.69795 
5.50279 
1.34122 
1.8047 
0.511406 
6.20139 
3.82066 
2.78761 
0.403797 
3.61313 
0.793401 
6.6842 
5.30063 
5.71735 
2.56023 
0.827398 
4.08555 
2.90697 
4.45675 
4.53323 
2.03226 
3.16708 
1.14017 
3.8655 
0.450819 
2.90799 
0.571122 
1.84376 
6.01541 
0.0122662 
3.15872 
0.617876 
3.64168 
4.75852 
1.42096 
5.0115 
4.25138 
3.91922 
0.277055 
1.45715 
4.29981 
5.8939 
1.70578 
4.08178 
2.49299 
4.71685 
1.07159 
6.18008 
2.68539 
4.34223 
4.92294 
6.8016 
4.45358 
0.239007 
5.99318 
4.32201 
1.04403 
5.0031 
3.10646 
4.20666 
1.40335 
3.05887 
2.44261 
5.00345 
1.97515 
2.26402 
6.36585 
2.90545 
6.81603 
1.95787 
5.8981 
2.43947 
1.24803 
3.65509 
6.06736 
5.03804 
2.40351 
5.71685 
1.04315 
4.17176 
2.81565 
2.60765 
6.8468 
1.10391 
3.49344 
5.24463 
2.43004 
3.64803 
6.39748 
2.444 
0.378388 
3.57161 
3.12377 
1.12837 
1.48575 
2.02824 
5.64267 
0.359328 
5.22182 
4.17341 
2.47491 
1.75165 
4.92762 
1.5803 
2.04762 
2.31358 
6.32569 
6.91142 
2.29761 
3.88917 
6.28897 
5.68572 
2.89408 
4.80448 
3.83824 
4.30821 
0.0635809 
4.6039 
6.69073 
3.06029 
5.24958 
1.7489 
0.759888 
3.43112 
0.7632 
3.10266 
3.45773 
0.109193 
1.20065 
5.28209 
2.14953 
0.161951 
5.90597 
1.66448 
2.92345 
1.49735 
0.985376 
6.22281 
6.81635 
0.475224 
0.0926116 
2.52346 
5.83153 
3.57445 
1.72494 
4.08114 
5.66296 
5.30407 
0.493998 
0.631331 
5.77547 
6.2477 
5.14755 
1.95277 
4.23874 
1.42592 
4.42037 
2.17934 
4.16966 
2.53142 
6.53742 
2.43553 
4.93945 
4.40117 
1.46609 
0.517278 
6.89352 
2.42593 
4.55519 
0.0492787 
2.22694 
6.23859 
5.98585 
0.226473 
5.33001 
2.52478 
0.0259735 
2.5371 
4.10031 
5.89235 
3.76424 
6.58845 
6.15707 
0.854121 
5.20514 
3.83543 
6.04801 
1.94917 
6.63937 
0.883847 
0.811959 
3.59141 
6.8351 
0.463577 
0.344277 
4.26217 
3.21006 
2.54461 
4.23464 
2.5726 
5.65464 
5.50756 
4.5585 
6.75419 
5.66707 
4.39061 
5.95428 
1.58611 
1.70191 
1.95584 
6.7827 
1.88021 
2.71361 
2.59458 
4.09816 
4.71919 
5.36895 
6.01348 
2.59332 
3.99349 
2.6043 
6.50107 
0.481236 
3.13325 
6.46205 
2.62177 
6.11692 
5.00029 
4.92312 
2.92487 
4.23869 
0.654936 
3.50132 
4.74345 
0.0865174 
5.09809 
3.64902 
2.02334 
0.29733 
6.23293 
1.93421 
0.344123 
1.66729 
1.19872 
0.822008 
4.49015 
5.9312 
5.64162 
3.62983 
1.5673 
0.634353 
0.563953 
0.359306 
4.85904 
3.87078 
5.1458 
0.483432 
5.0351 
1.94617 
5.34148 
6.21849 
4.2201 
3.15693 
5.44231 
6.86266 
1.72131 
6.13011 
2.73345 
0.0817147 
1.37969 
4.46649 
0.214506 
0.198819 
2.54587 
4.39798 
3.82628 
6.29562 
5.53984 
1.17456 
0.822654 
1.34308 
5.22354 
5.12038 
0.188871 
3.35416 
2.40346 
4.99188 
3.56629 
4.69516 
0.595278 
1.84569 
3.43841 
4.31407 
0.575852 
4.33926 
3.89239 
4.46709 
3.33952 
1.29303 
3.92922 
0.366899 
6.46516 
5.88977 
2.39506 
3.8531 
1.97937 
3.21603 
4.7787 
4.678 
6.21196 
6.46641 
5.98803 
1.7805 
6.88022 
2.87715 
0.339738 
4.98257 
1.13099 
3.60591 
5.6036 
1.68467 
6.22948 
6.86129 
6.77852 
1.52415 
3.37717 
4.14488 
6.07517 
3.3047 
4.14523 
4.9318 
1.79386 
0.475543 
5.45717 
4.70573 
3.23282 
6.93142 
2.42952 
1.99853 
3.25401 
6.08765 
3.17749 
1.07277 
5.12397 
4.64169 
4.85115 
4.30222 
4.35609 
6.83434 
1.75224 
0.877984 
0.277226 
4.3426 
4.04616 
5.7309 
6.21237 
6.30517 
5.02269 
3.26709 
1.952 
5.21688 
5.06634 
2.03867 
5.90924 
0.598299 
3.603 
5.635 
4.44956 
2.69038 
4.23442 
5.83547 
6.70311 
1.18819 
5.82726 
1.73449 
3.5608 
3.35114 
0.657652 
0.155838 
1.17063 
4.79633 
6.86796 
6.77262 
0.35797 
3.39654 
0.607338 
1.53254 
4.44655 
1.12317 
5.0907 
5.35326 
1.20029 
6.20922 
2.40282 
1.21219 
3.33611 
6.92661 
5.54282 
2.2274 
6.90832 
6.1767 
1.86375 
6.0382 
4.95871 
5.96315 
3.60237 
2.01873 
6.85992 
4.71656 
3.25537 
0.929866 
4.2598 
5.38945 
0.489309 
5.82168 
5.94947 
4.75408 
3.85377 
6.26894 
5.00158 
5.47839 
4.3279 
2.083 
1.96853 
3.0351 
1.85004 
6.66283 
3.11832 
0.620526 
6.17695 
5.96662 
6.01364 
5.226 
4.33236 
6.90061 
2.5257 
1.38839 
3.71914 
4.56527 
1.52956 
3.23839 
2.67009 
6.26946 
6.80119 
4.51664 
3.19434 
4.19343 
2.94298 
0.67208 
4.65246 
3.9227 
2.74941 
2.31685 
5.27178 
3.84222 
1.2244 
5.51676 
5.13556 
3.43179 
5.02028 
4.87485 
3.63973 
6.9024 
4.55488 
1.88463 
6.9144 
3.26405 
6.9292 
6.99544 
0.287118 
2.59436 
0.483853 
5.12171 
1.51951 
2.33741 
0.822647 
1.23269 
4.88304 
1.30731 
5.92876 
6.67228 
0.984139 
6.42757 
4.17946 
6.21936 
4.75198 
3.54888 
6.07048 
1.54786 
2.93623 
6.26289 
1.47117 
1.90503 
6.7566 
4.21527 
6.11946 
5.72723 
0.536049 
0.374224 
3.58831 
3.66911 
3.64896 
1.05124 
0.251741 
3.00708 
6.91863 
4.3911 
0.184678 
2.88103 
2.39326 
1.44217 
4.59598 
6.61557 
6.96109 
4.02359 
4.50165 
3.20119 
0.357692 
5.73634 
6.69446 
2.85465 
0.142794 
5.93719 
1.28112 
6.73062 
1.56236 
1.52296 
4.38732 
6.66716 
5.89619 
5.2732 
6.64875 
4.60374 
3.9876 
1.61825 
2.99417 
6.95579 
5.88206 
5.77463 
6.16434 
4.0547 
2.31001 
2.33394 
5.56861 
1.61959 
4.52153 
1.40441 
6.95223 
2.10381 
1.65114 
2.64391 
0.204009 
5.78292 
5.58809 
0.10842 
2.21687 
4.85386 
0.787721 
2.22474 
4.24722 
3.97251 
6.89309 
2.18823 
6.51332 
3.337 
0.923343 
6.62171 
5.03368 
6.11811 
4.10169 
1.07741 
5.99089 
0.951874 
3.15008 
2.43571 
1.02958 
0.123752 
0.893475 
1.64212 
5.04571 
5.17626 
1.41623 
2.59976 
0.223342 
1.70816 
2.02862 
4.98974 
2.53245 
2.80404 
3.55065 
0.712939 
5.36737 
0.405705 
0.682706 
1.24331 
1.23179 
3.75801 
6.79793 
5.72882 
6.35223 
4.87306 
1.59701 
2.97733 
3.91802 
1.17977 
4.3602 
5.92658 
4.97203 
5.91343 
1.10096 
2.90528 
4.08359 
4.90682 
1.90076 
5.00162 
6.1569 
4.99645 
3.28641 
4.64171 
5.29074 
0.516701 
4.19583 
1.29495 
1.22243 
0.377562 
3.67923 
5.81602 
1.76668 
5.56148 
0.757059 
4.88396 
2.68425 
6.11339 
1.78511 
0.417337 
0.184949 
0.430392 
2.59951 
2.9931 
2.95521 
3.28471 
4.08963 
1.44742 
1.73632 
6.37105 
6.1871 
1.50846 
5.67913 
4.2078 
6.46121 
2.49064 
0.1174 
6.14264 
3.41792 
3.05634 
1.91104 
2.83679 
0.94584 
6.73899 
2.28746 
1.41702 
1.83594 
0.613708 
3.586 
6.97393 
2.85913 
5.43922 
3.97623 
6.56803 
5.81479 
2.16439 
4.85721 
1.19481 
5.10368 
6.55314 
0.572119 
4.5965 
1.35936 
5.7403 
3.15726 
4.06069 
4.94694 
4.1588 
1.96951 
5.61231 
1.06448 
5.67469 
6.5117 
4.15973 
3.66557 
0.250252 
5.98433 
2.56702 
2.85318 
3.47149 
0.289951 
1.2002 
4.70161 
3.88408 
4.69216 
6.18524 
5.37537 
1.77788 
4.88184 
2.16132 
2.27216 
3.16713 
1.8825 
6.2247 
3.61563 
0.873002 
0.54359 
1.12258 
2.19726 
4.33066 
6.42281 
1.23906 
6.81373 
5.40141 
5.48403 
1.17618 
0.0874625 
6.98255 
0.796134 
3.63011 
6.27428 
3.88012 
1.25046 
2.47355 
6.92757 
0.618373 
5.00115 
5.37464 
3.55528 
1.55581 
3.46193 
0.729481 
3.38435 
5.72307 
0.659626 
5.33114 
0.410782 
2.01945 
4.87462 
6.74126 
5.29937 
5.43179 
5.08091 
1.8981 
2.31416 
2.06497 
6.90267 
2.16144 
4.36904 
0.429014 
0.438452 
5.0613 
1.27771 
5.513 
4.97239 
4.95185 
2.68679 
6.92481 
3.21693 
5.87054 
1.20409 
0.134122 
0.192604 
3.10048 
1.78619 
4.5191 
2.43436 
6.3366 
1.20399 
5.45908 
1.8175 
5.6714 
0.191706 
2.01111 
4.69451 
3.61261 
6.18296 
2.04582 
0.170443 
1.63926 
6.10267 
3.65291 
4.39855 
6.48617 
2.09908 
6.2989 
4.56614 
2.10461 
1.19279 
6.21722 
3.86879 
6.76018 
1.4283 
2.43016 
5.63452 
3.31887 
4.18688 
4.95487 
4.55181 
6.34444 
6.99286 
5.92819 
4.04197 
5.39352 
5.85664 
5.48538 
2.79756 
6.568 
5.38385 
4.4307 
0.716963 
3.00124 
6.87405 
4.22242 
0.201461 
4.94746 
5.94066 
3.68006 
5.76587 
5.95641 
2.33305 
4.54925 
5.26496 
1.26026 
6.23709 
1.79716 
6.87914 
5.69245 
4.05285 
6.17116 
6.75242 
3.87274 
3.21186 
4.71914 
4.51914 
3.11429 
2.94502 
6.92757 
0.606595 
3.03678 
2.18863 
6.28683 
4.74112 
2.92836 
6.92733 
3.69295 
5.38198 
0.946817 
2.16051 
2.68914 
4.4166 
1.84359 
3.2815 
6.10057 
3.35197 
0.495142 
5.85754 
6.71659 
3.74858 
2.30974 
4.7516 
4.06211 
0.947844 
5.41064 
6.65414 
4.12967 
2.43397 
6.68054 
6.919 
3.57874 
3.93305 
1.78283 
4.06731 
4.21158 
0.0130776 
2.79482 
2.58922 
4.95149 
3.72557 
0.696182 
3.73269 
1.40346 
4.92363 
4.42524 
0.0611476 
5.70748 
4.58261 
5.89534 
5.03797 
1.19666 
1.1953 
6.43565 
6.94547 
0.509338 
6.44425 
4.42584 
3.12798 
1.94977 
2.79599 
1.25918 
2.08521 
4.04821 
5.32084 
2.43388 
5.2127 
4.87529 
4.04496 
6.64216 
5.75469 
0.052951 
0.946764 
1.25656 
0.0746119 
1.00189 
3.75336 
5.66557 
0.314553 
1.69879 
5.62034 
3.12267 
3.68711 
5.25863 
6.71876 
5.25412 
0.983348 
0.128996 
5.03831 
6.90028 
3.98917 
6.9263 
0.402112 
3.28895 
5.33047 
3.1308 
0.367692 
5.79145 
1.93777 
4.0682 
5.15468 
2.6635 
0.437834 
1.66965 
5.8226 
0.411927 
0.252125 
2.46596 
5.37213 
3.30656 
0.296351 
3.76458 
5.27887 
4.04669 
0.638598 
1.91901 
3.83671 
6.55009 
5.28986 
6.6343 
6.75249 
5.12682 
3.43242 
1.64915 
4.24032 
0.138116 
4.30816 
6.21573 
6.85223 
1.45496 
2.5742 
4.50922 
4.46233 
0.322524 
2.65861 
2.22496 
0.95186 
2.91067 
3.69477 
1.06277 
5.01622 
6.54368 
2.68061 
0.950896 
0.704572 
4.73918 
5.34408 
0.894792 
2.76134 
6.79868 
4.42888 
5.14103 
4.27513 
4.09099 
3.22542 
1.68261 
6.70166 
4.78675 
6.86603 
2.43629 
3.70563 
1.55274 
0.977518 
0.146218 
0.492008 
2.17669 
1.55704 
3.20382 
2.54173 
4.92313 
2.9871 
0.227181 
3.22846 
3.68717 
6.30852 
5.24997 
1.19688 
4.98125 
6.78836 
5.97524 
3.84145 
2.33321 
0.180555 
3.58472 
6.32564 
5.99795 
0.470051 
4.14717 
2.56287 
3.1593 
3.41577 
1.85096 
1.10622 
0.190312 
6.57815 
1.00842 
1.45061 
6.44702 
2.06199 
5.81378 
6.21272 
5.21731 
5.2463 
2.59474 
6.76545 
5.98123 
6.46321 
1.10629 
1.46274 
0.254824 
5.83291 
5.70636 
6.81001 
5.88442 
3.42157 
1.39612 
0.585559 
6.48671 
4.1295 
6.51806 
5.98913 
6.26608 
6.00584 
0.179572 
1.06399 
4.41942 
0.189692 
3.15467 
2.58912 
3.3027 
5.39667 
2.81174 
6.9921 
0.264018 
6.35393 
5.44186 
6.27352 
4.97507 
0.960835 
6.74567 
2.55204 
3.06526 
4.81963 
6.56607 
0.946339 
1.1263 
1.65196 
2.48387 
5.34012 
4.34456 
2.01513 
2.37188 
6.16799 
2.37706 
2.18141 
4.00641 
2.79708 
5.45879 
3.82005 
6.53216 
4.96927 
1.55587 
4.50273 
0.413775 
3.31372 
1.76952 
4.24346 
3.83749 
5.68611 
2.52269 
6.78645 
1.81072 
3.70664 
4.53745 
2.83843 
0.504787 
6.96316 
3.77488 
3.37466 
3.91243 
5.28277 
6.51081 
3.22825 
0.217226 
3.92554 
1.54069 
1.32249 
2.10226 
3.72975 
0.991926 
4.3074 
0.402935 
3.13005 
1.80263 
0.76642 
1.2163 
2.37169 
3.07589 
1.50695 
1.34148 
6.30174 
3.38755 
3.53074 
2.10376 
0.907764 
3.79018 
1.54369 
2.81744 
4.75758 
6.70803 
6.77808 
1.24646 
5.17721 
3.28941 
6.06939 
4.24724 
4.31162 
1.42545 
3.56684 
6.82353 
2.14139 
3.42489 
1.06493 
6.24187 
5.03138 
2.34487 
0.222425 
0.302295 
5.68032 
3.15963 
1.92836 
6.93896 
3.02656 
5.45588 
4.04226 
3.31986 
6.84353 
2.27786 
0.957698 
3.03666 
0.119525 
6.85255 
6.82845 
0.841081 
3.05618 
6.1391 
6.91452 
5.40843 
4.49392 
6.32009 
3.67136 
6.62081 
3.98715 
1.06428 
2.37874 
2.47683 
6.06798 
1.50091 
4.85249 
5.82635 
0.479612 
3.83951 
4.65891 
0.331911 
6.43629 
3.80717 
0.124008 
5.20097 
3.67303 
6.61415 
3.95317 
3.91389 
1.79465 
6.7333 
4.62876 
4.54306 
6.13519 
4.17286 
0.225735 
6.91977 
2.58028 
1.68899 
1.85751 
6.22301 
3.18643 
4.30449 
0.522375 
1.56352 
0.0677988 
5.49488 
1.37191 
6.62254 
5.09179 
2.73853 
1.40608 
6.91823 
4.60833 
4.17136 
2.99491 
5.50452 
2.51927 
5.30339 
3.11666 
0.781027 
1.71769 
1.29522 
5.82472 
1.04234 
4.63334 
4.56744 
3.00787 
6.29204 
1.29658 
0.601848 
0.256401 
4.33616 
0.79828 
4.69552 
6.52576 
2.52542 
3.66054 
6.66209 
4.67937 
1.19541 
1.27964 
2.95835 
6.94612 
4.37778 
0.31295 
2.75875 
5.27293 
2.14853 
4.32325 
0.882497 
6.1232 
5.57052 
5.67197 
2.85138 
1.13151 
5.29661 
1.16199 
6.54744 
2.76467 
6.84687 
2.37946 
0.653689 
3.55564 
0.687189 
6.58515 
6.58463 
4.8226 
0.428808 
3.97913 
6.30664 
1.68046 
5.48549 
4.59132 
5.23982 
5.59007 
5.28903 
6.77117 
4.13299 
2.21782 
6.94234 
3.8619 
2.95105 
3.31581 
1.79604 
2.03741 
5.67671 
5.41903 
0.655362 
3.6769 
1.63835 
4.80375 
5.63695 
2.15957 
0.877489 
5.96553 
1.63314 
1.12672 
1.78699 
4.01303 
2.02178 
2.07573 
5.7914 
1.01744 
6.14507 
2.25802 
3.61854 
0.740085 
6.60205 
3.70504 
5.67328 
3.74987 
3.12425 
2.21233 
5.57712 
4.58841 
5.32639 
4.56482 
1.01185 
3.16908 
6.6662 
3.84009 
0.370849 
2.86166 
5.97074 
5.22213 
2.30809 
5.12926 
2.51341 
4.81293 
5.84558 
1.69579 
4.11016 
3.49481 
0.300883 
2.93931 
2.01466 
1.38527 
0.275171 
4.79149 
2.64669 
4.89258 
0.640367 
3.6511 
2.02697 
5.21171 
2.17098 
3.65685 
0.599862 
1.88317 
3.37381 
3.56095 
5.96837 
0.340923 
3.88724 
1.8199 
4.02096 
2.22842 
3.00977 
3.1868 
3.58691 
1.19336 
1.84578 
4.99495 
6.07553 
2.38475 
5.51209 
3.77164 
4.9459 
0.76097 
0.623378 
5.1156 
3.82881 
6.89234 
3.49551 
5.10696 
5.69273 
1.64319 
2.10928 
2.65281 
2.72407 
3.45025 
0.317979 
3.26857 
5.88463 
6.91086 
6.80897 
2.39559 
5.68558 
0.476327 
4.62481 
1.21969 
3.27485 
6.47753 
3.85622 
5.47971 
5.45649 
0.286707 
2.68071 
2.7641 
4.24779 
6.62462 
4.94799 
0.875588 
2.00667 
0.0483208 
0.127617 
2.85304 
0.990568 
2.4688 
4.09109 
4.90304 
1.33365 
0.724893 
3.27713 
2.65444 
2.21371 
0.907296 
2.92026 
3.87929 
1.30723 
4.69633 
6.1537 
0.302843 
0.873996 
3.25705 
1.27837 
2.54218 
5.36419 
2.90686 
2.58815 
1.09709 
0.727952 
5.69618 
3.76564 
2.04601 
3.26643 
4.88365 
4.47845 
5.30669 
2.5934 
5.23694 
6.19654 
6.31905 
0.355546 
4.65916 
4.47861 
1.02335 
0.464267 
4.93396 
2.99574 
5.35144 
5.59247 
3.59816 
1.28367 
0.67456 
4.32353 
5.64109 
1.72914 
4.71852 
1.12519 
3.98707 
6.69598 
0.364163 
2.48714 
4.34811 
5.73926 
6.78003 
5.92201 
5.20343 
3.09029 
5.43053 
4.8967 
6.83313 
2.47378 
3.81278 
3.39639 
5.12883 
2.22503 
2.06388 
2.58884 
5.63258 
5.82542 
5.78191 
2.57863 
2.06195 
5.12306 
3.21369 
0.513989 
0.620259 
1.68943 
2.30351 
5.01158 
5.57875 
4.1227 
4.20651 
5.89547 
0.221576 
0.0287745 
0.613826 
5.57436 
0.201311 
2.43608 
0.174437 
5.75504 
5.90099 
1.8759 
0.176625 
0.543488 
6.40256 
3.87448 
4.43779 
0.966021 
2.91776 
3.71543 
5.31201 
1.02748 
6.84648 
2.76034 
3.96398 
3.62121 
3.71407 
3.29241 
0.509667 
4.97957 
6.63111 
2.08179 
2.59398 
0.948929 
2.64706 
4.14274 
4.98105 
3.57261 
5.93962 
0.19304 
3.4151 
4.58144 
0.320483 
3.35146 
5.98989 
5.08704 
6.92193 
3.92826 
5.24385 
3.38857 
6.65476 
0.46884 
4.79667 
5.69233 
1.93148 
3.32754 
2.90741 
4.91989 
4.52109 
0.955845 
6.88773 
3.11733 
4.93703 
5.67935 
0.834483 
4.15147 
4.7077 
1.37798 
3.75109 
2.57215 
5.20218 
3.06878 
1.03618 
6.09097 
2.91719 
1.19837 
1.94165 
6.30995 
1.36116 
0.947694 
2.90047 
0.144735 
3.56787 
3.2012 
0.646188 
3.48229 
6.81785 
4.61582 
4.0087 
6.21071 
6.43976 
6.04182 
2.78647 
2.17249 
1.0409 
1.39346 
4.94078 
5.67034 
3.35154 
0.412263 
5.8962 
5.38879 
3.46188 
6.89434 
2.25005 
2.59035 
3.02135 
1.80477 
1.71393 
0.982542 
0.578413 
5.38038 
2.08983 
4.6921 
5.19868 
0.247944 
2.19339 
2.28081 
1.65444 
2.15297 
1.91098 
1.91175 
0.836971 
3.96794 
0.135122 
2.99339 
0.95491 
5.17529 
6.17079 
0.535243 
0.832297 
2.41117 
1.55814 
0.618942 
0.564186 
4.26643 
4.94286 
5.69335 
5.21656 
6.7403 
3.15386 
2.84175 
0.258621 
6.64599 
0.215765 
0.365062 
3.60007 
5.36854 
6.01776 
4.56833 
3.84217 
0.30413 
1.5144 
0.528149 
0.597373 
2.0519 
4.33997 
1.85149 
2.9158 
5.8077 
2.08576 
6.43911 
2.17053 
3.03801 
1.79925 
6.9473 
3.26743 
0.712377 
2.92278 
4.2068 
3.62607 
1.31685 
5.37654 
0.475516 
5.00164 
6.54877 
4.22504 
2.20049 
2.71247 
4.47909 
2.02212 
0.766807 
0.730188 
1.27277 
6.38555 
5.01175 
1.51318 
1.03252 
0.621624 
3.63459 
4.50234 
0.805056 
6.56927 
5.79016 
1.27501 
2.12518 
3.82687 
2.249 
5.87882 
0.377589 
4.13553 
2.86368 
4.82378 
6.24012 
3.6853 
2.8614 
1.5265 
0.96298 
0.803464 
0.817249 
1.50657 
1.96313 
3.37209 
2.65086 
4.92892 
2.39508 
4.11217 
2.27477 
5.01901 
4.47402 
0.871864 
2.41791 
2.78434 
1.44675 
4.52942 
1.01916 
6.94643 
2.5799 
2.42843 
4.57157 
2.34642 
5.2691 
0.74273 
2.06254 
1.06958 
0.457105 
3.56236 
1.61427 
6.03869 
6.31445 
6.96728 
3.06856 
4.24558 
4.47327 
2.30225 
4.96942 
4.05618 
6.27452 
0.912872 
5.64732 
1.51715 
4.79159 
4.32217 
3.63381 
5.38335 
2.92999 
6.36992 
1.21328 
0.529464 
1.6943 
0.0537201 
6.87302 
0.882057 
5.7373 
1.86063 
2.57292 
4.00753 
0.566987 
2.35225 
5.26382 
3.0157 
4.83985 
3.40181 
