0.000055
0.796065
-0.838184
-0.068903
-0.554513
0.999275
0.323392
-0.999214
-0.999089
0.256756
0.441332
-0.474431
-0.449696
0.239650
0.365557
-0.536520
-0.999897
0.053861
0.441870
0.451009
0.217442
-0.995489
-0.831192
0.227856
-0.352289
-0.520048
0.600202
-0.990907
0.227581
-0.980865
0.088947
-0.812131
0.964732
0.326173
-0.904675
0.747276
-0.959965
-0.835100
0.608425
0.551551
0.987469
0.560231
-0.940658
-0.846670
-0.988507
0.487130
-0.957972
-0.090113
0.943362
0.086604
-0.794222
-0.201146
0.995621
0.938148
0.586510
0.919005
-0.260970
0.000405
0.081185
0.411364
0.049365
-0.380251
-0.455067
0.788498
0.583722
-0.311002
0.957609
0.593282
0.343992
0.493617
-0.355414
0.437299
0.932770
0.113291
-0.536798
-0.109308
0.299029
0.343450
-0.814917
-0.778175
-0.469271
0.769181
0.110846
-0.994302
-0.204013
-0.953670
-0.904248
-0.933948
0.654125
-0.063133
0.998106
0.840032
0.632272
-0.436160
-0.839416
-0.353505
0.254202
-0.382606
0.950975
0.231708
-0.580659
-0.133428
0.904882
0.948444
0.880084
-0.757834
-0.618117
0.229317
-0.564277
-0.340800
0.393416
-0.864992
-0.674655
-0.048007
-0.943274
-0.379176
0.899389
0.996678
-0.958078
0.791336
0.594732
0.938918
0.020996
0.239201
0.187026
-0.967322
0.278368
0.994111
0.953989
0.794882
-0.074187
-0.989071
0.868590
-0.998374
0.426747
0.414609
-0.349088
0.858701
-0.824160
-0.356160
-0.835569
0.393720
-0.682682
0.860912
0.564605
0.276570
0.837525
-0.726144
0.981225
-0.274440
-0.106415
0.429993
0.772149
0.985159
0.787562
-0.953091
0.775171
-0.988225
-0.935562
-0.614439
0.986567
-0.192223
0.404464
0.989061
0.197323
0.028521
0.155479
0.838294
0.342169
0.266156
0.794583
-0.083548
0.601370
0.906699
0.477182
0.551551
0.979946
0.810945
-0.718133
-0.045542
0.640326
-0.024505
-0.581503
0.236279
-0.988641
0.997949
-0.998998
0.079182
0.983829
-0.254340
-0.156600
-0.389508
-0.872926
-0.531402
-0.837278
-0.093978
0.367561
-0.960161
0.066234
-0.488444
-0.993903
-0.979454
0.586584
0.387312
-0.318641
0.898519
-0.581350
-0.443453
0.662414
0.240997
-0.780476
-0.146694
0.061284
-0.922673
-0.197038
-0.956186
-0.627350
-0.972895
-0.887170
0.133249
-0.080877
-0.508393
-0.101492
0.440681
-0.960620
-0.277324
-0.999254
-0.998082
0.984915
0.132861
-0.220186
-0.053030
-0.617883
0.827345
-0.010837
0.599082
0.998074
0.019431
0.802494
-0.444868
-0.112417
0.063470
-0.130752
-0.594493
0.552602
0.995938
0.652315
0.879700
-0.955641
-0.921862
0.004165
0.006153
-0.764152
-0.929053
0.787876
0.215811
-0.997884
-0.998672
0.991040
-0.415275
-0.968900
-0.463752
0.614571
0.541452
-0.804691
-0.953730
0.997276
0.997116
0.537463
0.407608
0.372716
0.342555
0.401004
0.951197
-0.991196
0.914124
-0.748054
-0.714651
0.183330
0.919380
0.977396
0.079131
0.974114
0.564201
0.990550
-0.518508
0.816421
0.347199
-0.875020
0.945185
-0.465948
0.893069
0.591062
0.973807
0.997927
0.652942
0.999390
-0.963939
-0.987281
-0.659231
-0.987018
-0.848215
-0.999669
-0.961502
0.384887
-0.865390
0.999833
0.789591
-0.982668
0.732549
-0.810605
-0.515223
-0.671171
-0.827324
0.740580
-0.978334
0.842183
0.905183
-0.252910
-0.258632
-0.556631
-0.686204
-0.895790
0.801346
0.811857
-0.529700
0.822858
-0.827835
-0.466206
0.125332
0.971075
0.522698
0.380626
0.013532
-0.188542
0.413935
0.927078
0.520846
0.525585
0.978721
-0.999951
-0.999774
-0.440322
-0.925716
-0.945072
0.324123
-0.083191
0.293566
0.777495
-0.081357
-0.460384
-0.996566
0.322872
-0.890247
0.582934
0.868793
-0.999765
0.670493
-0.605487
-0.495193
-0.460462
0.104463
0.939827
-0.977709
-0.629856
0.141271
0.956658
0.485928
0.987805
-0.366603
-0.989393
-0.048648
-0.534127
0.153971
0.902371
-0.972220
-0.970767
0.085020
-0.804811
-0.852743
0.611175
-0.987644
0.926504
-0.844775
0.931404
0.029773
-0.322384
0.530693
0.909288
0.039914
-0.718919
-0.870607
0.086504
0.044377
-0.814529
-0.468646
0.451056
-0.618292
0.401792
0.998200
0.427027
-0.947855
-0.995102
-0.968203
-0.588367
0.924443
-0.541025
0.512611
-0.995924
0.825119
0.065386
0.664318
-0.483919
-0.752616
0.999662
0.377368
0.474542
0.900935
-0.938007
0.873547
0.346857
-0.201645
-0.058504
-0.477957
0.016162
0.868506
0.908630
-0.432637
-0.987690
-0.785087
-0.998446
0.733443
0.391561
0.585093
-0.609284
0.011602
-0.285794
0.204045
0.478322
-0.282086
-0.778089
-0.895910
-0.999078
-0.574733
0.246545
0.756241
0.505796
0.968199
0.630628
-0.915716
-0.896448
0.771713
-0.665704
0.384822
0.599697
-0.404540
0.511204
0.970788
0.982024
0.170407
-0.557893
0.002215
0.990033
-0.818540
-0.988531
-0.021366
0.962549
-0.998549
0.728409
0.994612
0.714375
-0.634396
0.042543
0.943096
-0.869371
0.117957
0.545970
-0.995053
0.492032
-0.416630
0.761395
0.505736
0.205962
0.533279
-0.312779
-0.781537
0.252269
0.983791
0.584280
-0.782945
-0.350493
-0.861606
-0.999959
-0.998244
-0.833712
0.251832
0.999067
0.999817
-0.714995
-0.989644
-0.922565
0.515279
0.999996
0.997885
-0.990032
0.917397
-0.879331
0.899358
0.327324
-0.996925
0.767296
0.353130
-0.245143
-0.934099
0.114731
0.125282
-0.848544
-0.942517
-0.328276
0.367074
0.050142
-0.472942
-0.770468
0.441701
0.042050
0.528705
-0.132209
0.743442
0.020081
-0.882083
0.991115
0.931916
0.508940
0.290639
0.453577
0.977210
0.472695
0.762353
-0.516508
0.900353
-0.463869
0.671547
-0.382181
0.532594
0.173480
0.751942
-0.960378
-0.780733
-0.179025
-0.827963
-0.414147
-0.982724
0.406091
0.260466
-0.890129
0.570408
-0.593127
-0.043903
0.323800
0.993703
0.549362
0.189392
-0.164319
0.897127
0.670427
0.998427
-0.620245
-0.523094
-0.999530
-0.235454
0.990840
-0.964154
0.962468
0.445598
0.537137
-0.076672
0.998244
-0.656157
-0.293425
0.022600
0.957660
-0.998226
0.164502
0.965608
0.444974
0.806539
-0.653497
0.332662
0.931345
-0.891397
0.431924
0.651191
0.888613
-0.413247
-0.481465
-0.428485
-0.931344
0.741667
-0.619884
-0.958230
0.312083
0.285898
0.878737
-0.791785
0.418797
-0.473735
0.219073
0.999630
0.990375
0.583433
-0.982853
-0.973015
-0.315352
0.965964
-0.964140
0.473300
0.986206
0.998350
0.088806
-0.144391
-0.252125
0.529053
0.029958
0.237413
-0.501046
0.219666
-0.847345
-0.841216
-0.499434
0.740989
0.998556
-0.576229
0.126919
0.311264
0.587596
0.466372
-0.323547
-0.209032
0.819394
0.861761
0.644221
-0.972344
-0.134518
0.237911
-0.992442
-0.544116
-0.604507
-0.763075
0.897695
0.327413
-0.508847
0.885654
0.283578
0.671553
0.696233
0.625497
-0.470465
0.156193
-0.709506
-0.281211
-0.458909
-0.999957
-0.901388
-0.984406
0.158920
0.974367
-0.999881
0.659755
0.447557
0.833257
0.163892
0.999816
0.462482
-0.819488
0.921214
0.183335
-0.992135
-0.811536
-0.960088
0.515225
-0.834419
0.194095
0.222809
0.128120
-0.389600
-0.447882
0.150886
-0.877137
-0.937830
-0.473947
-0.289905
0.904387
0.522367
-0.770055
0.942098
-0.546683
-0.984284
-0.999074
0.630369
-0.643879
-0.905928
-0.999329
-0.318633
-0.757508
-0.830847
0.052379
0.871631
-0.365647
-0.918249
0.219787
0.353507
-0.490660
0.781516
0.242961
0.989476
0.681832
0.444676
-0.660299
-0.861688
-0.907031
0.260533
-0.770086
-0.435368
-0.262080
-0.986987
-0.986157
0.284833
-0.263219
-0.215191
-0.966194
-0.562823
0.933862
-0.889923
0.924934
-0.977780
-0.541178
0.280768
0.997035
0.244625
-0.862777
-0.718863
0.157921
-0.998316
-0.509794
-0.522941
0.999156
0.844585
0.013464
0.982164
-0.988502
0.033703
0.265155
0.937063
-0.268490
0.928031
0.374479
-0.395073
0.758265
0.224337
-0.979079
0.086046
0.684685
-0.795581
0.643498
0.052708
0.666536
0.873401
-0.830406
0.697586
0.735418
0.379488
-0.764772
-0.252640
0.988253
0.718277
0.511779
-0.228869
-0.296759
0.539491
-0.604227
0.906716
0.898816
0.393155
0.864804
-0.134707
0.459412
-0.097102
0.171806
0.253070
-0.988268
0.832332
0.408671
-0.549917
0.000415
0.152655
0.025342
-0.778866
0.930425
-0.761418
0.218060
-0.613366
-0.491584
-0.249182
0.932474
-0.195459
-0.822867
0.405378
-0.564573
-0.512503
0.291615
0.199965
-0.794053
-0.861981
-0.117424
0.699718
0.970390
-0.882572
-0.949219
-0.128697
0.488250
-0.966797
-0.129401
0.585853
0.588314
0.903214
0.222154
0.624897
-0.999945
-0.715044
-0.557902
-0.135428
-0.781874
-0.964844
-0.007515
-0.133892
-0.260652
0.711404
0.478726
0.446860
-0.994938
0.752715
0.512207
0.843147
-0.200528
-0.969471
0.995458
0.393856
0.520968
-0.952022
-0.998432
0.077567
0.568592
-0.265474
-0.661814
0.139031
0.492167
-0.341787
-0.243058
-0.013547
-0.348535
-0.890242
0.244219
0.862780
0.853867
0.696228
0.533095
0.500473
0.280536
0.995195
0.442993
-0.433944
0.983076
0.787271
0.980727
0.694527
-0.775911
0.059677
-0.818116
0.111222
0.534717
0.448756
-0.872031
0.134870
0.863168
-0.999779
0.632375
-0.984886
0.316856
-0.331823
-0.519696
-0.666501
0.498478
0.067205
-0.215162
-0.971580
-0.982581
-0.980442
-0.636495
0.479463
0.595504
0.403275
0.718360
-0.989831
0.849100
0.891621
-0.999015
-0.298027
0.806792
0.846300
-0.879189
0.039107
0.161909
0.451024
-0.456562
0.667170
0.961570
0.893281
-0.432844
0.764803
-0.963758
0.334318
-0.064682
0.482821
0.887140
-0.837229
-0.998721
0.080627
-0.658644
-0.706689
0.900541
0.230579
0.781654
-0.444430
-0.948699
-0.379148
0.998624
-0.113214
0.503869
0.343181
0.494233
0.988220
-0.732296
-0.446201
0.182691
-0.395255
0.886762
0.954617
0.596323
0.252811
-0.832906
0.529756
-0.099652
-0.949994
0.322126
0.296564
0.346062
0.027639
-0.857246
-0.864927
-0.231856
0.793878
0.668400
-0.998475
-0.434556
-0.800067
-0.994778
0.557229
0.132025
0.166348
0.978436
0.471397
-0.496808
0.928377
-0.947276
-0.836912
-0.411059
-0.426252
-0.995662
-0.920768
-0.977780
0.640303
-0.566735
-0.997993
0.769203
-0.197557
0.044987
0.142102
0.933812
0.370070
0.731599
0.227532
-0.415557
0.439071
0.725040
-0.515574
-0.572947
-0.528163
0.224125
-0.997399
0.991326
0.302024
-0.860101
0.772161
0.987540
-0.076032
0.980551
0.908930
-0.417966
-0.879708
-0.939479
-0.400842
-0.999941
0.390065
-0.183156
-0.999162
0.723767
0.000282
-0.999799
-0.951992
-0.040226
-0.769991
0.223970
0.630225
-0.293232
0.519044
-0.996606
-0.779218
0.407504
-0.878114
0.926553
0.043209
0.944128
0.599284
-0.002475
0.616079
-0.850806
0.228975
-0.992306
-0.265659
-0.747166
-0.013115
0.099906
-0.994198
0.988967
-0.228413
0.943981
0.339753
0.990313
0.379869
-0.195794
0.776828
0.432140
-0.279329
0.998803
0.049036
-0.721430
0.345483
0.423400
-0.975289
-0.765750
0.818993
0.785375
-0.488871
-0.362909
-0.992667
-0.383716
-0.517210
0.737108
0.038195
-0.999548
0.931492
0.421086
0.390471
-0.448874
0.991534
0.760518
-0.926512
-0.984577
0.986862
-0.335669
0.157240
0.673503
0.967677
0.576814
-0.734938
-0.948591
-0.998856
-0.798740
0.631420
0.891244
0.889821
0.926036
0.999988
-0.999916
0.303375
-0.077537
-0.791920
0.680652
0.080824
-0.982921
-0.428837
-0.673775
-0.333219
0.919203
0.960547
0.928269
-0.558957
0.490171
0.650289
-0.858319
0.754928
0.913660
0.165083
-0.764822
0.997127
0.103905
0.229478
0.220244
0.675986
0.957320
-0.230652
-0.669641
0.973238
0.997308
0.918529
0.459296
0.993516
0.214817
-0.804442
-0.922438
-0.776680
0.602997
0.071683
0.982845
0.716483
-0.678123
-0.984770
0.127411
-0.866129
0.718544
-0.018434
-0.991563
0.659657
0.448157
0.997858
0.732885
0.124175
0.117125
-0.706751
0.377813
-0.922035
-0.446031
-0.138162
0.787822
0.672530
0.306301
0.569792
0.626592
0.535066
-0.758916
-0.750247
-0.365133
-0.306465
-0.532850
-0.977348
0.093824
0.625204
0.642298
0.921056
0.150076
-0.946263
-0.877740
0.892465
-0.750134
0.981454
-0.909802
-0.296442
0.807170
-0.899016
0.771665
0.502046
0.803442
0.965811
0.772150
0.988610
-0.857049
0.476484
-0.070748
0.443513
0.997414
0.982349
-0.997171
0.539030
-0.298886
0.876210
0.745468
-0.580478
0.320412
0.313277
0.409437
-0.457450
0.835067
-0.624909
0.999766
0.340165
-0.868797
-0.992079
0.367285
0.582137
-0.562201
0.244043
0.221029
0.686265
0.512492
-0.211740
-0.999890
-0.428295
0.995326
-0.953492
-0.834027
0.999915
0.999723
0.011015
0.006893
0.269846
0.245325
0.156585
-0.437573
0.484755
-0.263468
-0.663940
-0.902133
0.730438
-0.941295
-0.990864
-0.979736
0.970610
0.180999
0.585993
0.993216
-0.976739
-0.703761
0.482111
0.747862
-0.002157
0.821484
-0.818622
-0.610433
-0.241215
-0.076909
0.540611
0.567480
0.648539
0.865983
-0.381580
0.107626
-0.468591
0.487221
-0.556548
-0.642744
-0.393665
0.000553
-0.976393
-0.989493
-0.542042
-0.135460
0.976900
0.324717
0.229316
-0.128511
0.472815
-0.463178
0.999724
0.011684
0.579198
0.818594
-0.067725
-0.993785
0.927804
0.273128
-0.892864
0.217044
0.848986
0.975400
-0.557072
0.938242
-0.951740
0.277511
-0.708715
-0.941527
-0.781968
-0.960551
-0.638860
0.001927
-0.949916
0.656804
-0.160707
-0.299203
-0.536047
0.790572
-0.274159
0.822626
0.340635
0.419780
-0.350528
0.382909
-0.056527
-0.798299
0.888531
0.435195
0.656987
0.652179
-0.887488
0.638935
-0.649628
0.984236
-0.874084
-0.611676
0.981805
0.987311
-0.775671
-0.439208
-0.867062
-0.897711
0.600611
-0.639644
-0.675651
0.855595
0.680960
-0.501124
0.988272
-0.757710
0.718075
-0.999256
0.466709
-0.362273
-0.148801
0.729152
0.850955
-0.879431
-0.996869
0.316562
-0.815503
-0.679130
-0.311924
-0.916770
0.189472
-0.915153
0.975040
0.274090
-0.933268
0.672197
0.168362
0.931948
-0.905886
0.173786
-0.742950
-0.920975
0.500159
0.549765
0.486127
0.569782
-0.807686
0.212793
0.700177
0.760935
-0.996494
-0.721722
-0.179114
-0.549217
0.512922
0.409302
-0.184750
0.696800
0.614747
-0.648047
-0.984104
0.777487
-0.182273
0.403582
0.025840
0.142171
0.064967
-0.270204
0.641962
-0.646912
0.764322
-0.351250
0.971578
-0.998081
-0.992990
0.504812
-0.061688
0.898100
0.827306
0.916108
0.503422
-0.864471
-0.312407
0.426122
0.194919
0.354683
-0.124751
0.919172
-0.080072
0.125491
-0.218440
0.983774
0.433373
-0.824215
-0.551044
-0.999995
-0.943184
-0.997469
0.809730
0.924370
-0.994607
0.162639
0.916943
0.026726
0.943864
0.948053
0.983042
-0.999406
-0.999961
-0.462477
0.769311
-0.126835
0.780723
0.609560
-0.188982
0.025740
0.859566
-0.989058
0.305711
-0.106533
-0.996313
0.989735
0.929269
0.112285
0.915962
0.691513
0.575522
-0.707771
0.447247
0.989118
0.166250
0.208736
-0.079900
-0.078644
0.109157
-0.636705
0.934919
-0.264560
-0.549909
0.269693
-0.807468
-0.644797
-0.159987
-0.846739
0.728002
0.934627
-0.434207
0.460539
-0.467124
0.467159
0.033439
0.858256
-0.040356
-0.049994
-0.369486
0.983539
-0.911042
-0.395209
0.179878
-0.969660
0.295972
-0.516285
-0.511842
0.597785
0.310551
-0.723097
0.960299
0.834146
0.962149
-0.834263
-0.933164
-0.981054
0.751546
0.881783
0.960971
-0.044782
-0.556915
0.907377
0.195929
0.274618
0.216582
0.921140
-0.726928
0.576823
0.831506
0.721941
0.829249
0.614153
0.908667
0.774891
0.465777
-0.975292
-0.879394
0.260732
0.714474
0.520553
-0.618323
-0.291943
0.902910
0.980416
0.066304
-0.994793
0.759499
0.011650
0.501805
0.648862
0.791312
0.394409
0.641700
0.915938
0.577150
0.727790
0.289012
0.429108
-0.707684
0.999606
0.652006
0.977792
0.078930
0.991525
0.918172
-0.646515
-0.106871
-0.316118
-0.999817
-0.690136
-0.829580
0.030780
-0.304607
-0.822223
0.997766
0.647916
0.966855
0.493677
0.864961
-0.874559
0.612844
-0.794993
0.140853
-0.975738
-0.104824
0.657335
0.956032
-0.237378
-0.372691
0.231525
0.003065
0.892759
-0.952821
0.518089
-0.618433
-0.451553
0.374325
0.970513
0.517455
-0.799658
-0.192830
0.224444
-0.468390
0.491257
0.483356
0.976166
0.999574
-0.860901
-0.007655
-0.647849
0.559191
-0.747503
-0.774267
-0.969797
0.355594
-0.098077
0.480703
0.628361
0.949667
-0.349294
-0.995120
-0.864495
0.323423
-0.993330
0.099062
0.931527
-0.544561
0.917521
-0.229484
0.092652
-0.978054
0.339545
0.924244
0.034268
0.994970
-0.641895
0.507389
0.963430
-0.594204
0.996798
-0.995003
0.712007
-0.491078
-0.028583
-0.894136
-0.999090
0.151772
-0.521626
0.479761
-0.605964
0.483558
-0.871962
-0.667008
-0.826181
-0.031002
0.290111
0.990385
-0.979351
0.997259
-0.996462
0.288110
0.934497
0.673957
0.857995
-0.994343
0.386519
-0.741911
0.032939
0.151013
0.511126
0.367448
0.268545
0.910648
-0.652528
0.080962
-0.878373
0.166308
0.695769
-0.623739
0.489284
-0.684580
0.442086
-0.226436
0.394076
0.277204
-0.697690
0.299687
-0.983696
-0.833746
0.077923
0.917700
0.416791
-0.873636
-0.729942
-0.673229
0.952546
0.731243
0.904983
0.614264
-0.585110
0.958431
0.973872
0.238142
-0.984673
-0.536309
0.488162
-0.147487
0.469657
0.638079
-0.306189
0.801442
0.998372
0.073486
0.620761
0.623690
-0.038136
0.638088
0.067491
-0.622384
0.558017
0.858872
-0.780126
-0.660780
0.842932
-0.393299
-0.349706
-0.922958
0.546503
0.998682
0.935789
0.430514
0.496223
0.961123
0.913900
-0.283714
0.989187
-0.029621
-0.678042
0.449490
0.983042
0.913994
-0.649637
-0.949270
-0.448814
-0.260748
0.627636
-0.270445
0.253332
0.142337
0.126287
0.419981
-0.743860
0.645734
0.331537
-0.826030
-0.596156
0.280210
0.299197
-0.626034
0.789929
-0.771565
0.480614
-0.998378
0.992768
-0.721134
-0.451464
0.887312
0.841018
0.533476
0.573904
-0.810114
0.725329
-0.487669
0.545313
-0.588341
-0.998248
-0.853026
0.989974
0.985925
0.911765
0.923107
0.982278
-0.668214
-0.179418
-0.688040
0.593354
0.900122
0.987484
-0.815218
-0.459913
0.388536
-0.205765
0.726169
-0.860029
-0.732315
0.584217
0.386925
-0.499997
-0.747251
-0.995713
-0.379768
-0.950362
-0.786070
0.356952
-0.816433
0.199877
-0.622549
-0.201332
-0.992442
-0.554553
-0.655495
0.881034
-0.823361
-0.177699
0.007285
0.136475
0.969247
-0.106435
0.000274
-0.994394
0.599505
-0.713547
-0.999163
-0.999238
-0.875435
-0.989487
0.556971
0.926029
-0.719995
0.036263
0.570971
0.402622
0.202788
0.997677
-0.726830
0.979095
0.906725
-0.898370
0.877485
-0.169909
0.086516
0.177302
-0.040674
0.983159
-0.850190
-0.997190
-0.134746
-0.174952
0.994008
-0.392306
0.001215
-0.423880
0.414829
0.504260
0.145348
0.862875
0.963922
0.358044
-0.772669
-0.776351
-0.753372
-0.039747
0.209323
-0.966867
-0.983353
-0.886245
-0.458890
0.944688
-0.732260
0.952961
0.744628
-0.695586
0.612947
0.514809
0.166287
-0.385155
-0.961719
0.324502
0.128764
0.332124
-0.639060
0.480603
0.987741
-0.463778
0.287125
0.999567
0.611536
-0.250479
0.299757
0.388842
-0.491286
-0.198753
-0.427954
-0.858560
0.647969
0.217637
0.995991
0.310427
0.690611
0.570564
0.627343
0.989748
0.418654
-0.495252
0.011264
0.459715
-0.534339
0.221861
-0.532122
-0.935066
-0.068025
0.233711
-0.845418
-0.882865
-0.999210
0.588195
-0.895479
0.029411
-0.944686
0.790267
-0.010515
-0.999474
0.746830
0.996215
-0.018626
-0.998605
0.971097
0.853127
-0.977070
-0.867357
-0.992275
0.493392
-0.125335
0.988764
0.998562
-0.914793
-0.705994
0.411696
-0.956560
-0.891137
0.979224
0.998037
0.142718
-0.397752
-0.817695
0.999183
0.198868
0.947933
-0.999673
-0.418929
0.346133
-0.938447
-0.962003
-0.062497
0.693726
-0.934391
0.122314
0.249092
-0.585606
0.656223
-0.973687
0.091056
0.193377
0.992003
0.739477
-0.958390
0.489235
-0.621681
-0.784088
0.524892
-0.809990
0.331462
0.961431
-0.150147
-0.402115
0.697872
0.533846
-0.301814
-0.700570
0.928982
-0.544762
-0.977836
0.002055
-0.189404
0.249228
0.956240
-0.673924
-0.543765
0.632528
-0.934248
0.497526
0.997076
0.833790
0.995639
-0.622760
-0.503016
0.328281
-0.206469
-0.879589
0.267328
-0.839990
-0.269041
0.537125
0.609019
-0.922302
0.914916
-0.130661
0.824491
-0.999529
0.868714
0.902975
0.063721
0.154560
-0.841691
0.323082
-0.459885
-0.741409
0.995826
0.211055
-0.803545
-0.975710
0.884495
0.459868
0.835429
-0.769819
0.532315
0.994948
0.242359
-0.833015
0.440891
0.937077
-0.776458
0.498738
0.852888
0.613553
0.468493
-0.937156
-0.985177
0.655959
0.882433
-0.453303
-0.728841
-0.986821
-0.993899
-0.588753
-0.070239
-0.904525
0.905510
0.749107
0.087120
0.057092
-0.600979
0.245945
-0.719330
-0.736463
-0.775797
0.590215
-0.926128
0.702014
-0.420673
0.030188
-0.180837
-0.623575
-0.816127
0.862126
-0.933422
-0.511215
0.663339
-0.826554
0.228658
0.079391
-0.830601
-0.402437
0.274041
-0.100706
0.907683
-0.990132
0.240313
-0.990642
0.932798
0.983068
0.339161
-0.881569
-0.516309
0.900376
0.726437
-0.992379
-0.424080
0.170555
0.051839
0.121273
0.401653
0.443520
-0.979589
-0.465755
0.994109
-0.899396
-0.994004
-0.436448
0.541695
-0.365805
0.761784
0.230375
-0.556814
0.202480
-0.599037
0.725413
-0.913975
-0.958766
-0.648938
-0.420392
-0.972433
-0.428695
-0.944656
0.519568
-0.974861
0.335499
0.449489
-0.954973
0.960974
-0.275978
0.848219
-0.995445
-0.982145
-0.330776
-0.286170
-0.628494
0.950444
-0.007197
0.997737
0.163580
-0.524585
-0.179605
0.695455
-0.069382
-0.999951
0.967069
-0.860152
0.598368
-0.511264
0.178924
0.355190
-0.359839
0.825346
0.183843
-0.286676
-0.516052
0.155129
0.515135
0.936497
-0.905070
0.639788
-0.461660
-0.722883
0.086438
-0.645368
-0.889302
0.120302
-0.635563
-0.947772
0.201980
0.817860
-0.781887
0.781616
-0.988617
-0.550677
-0.906017
-0.901748
-0.995624
0.788440
-0.843403
0.800628
0.022532
0.665888
-0.747438
-0.096356
0.996110
-0.921256
0.993285
-0.135289
0.581631
0.481936
-0.849004
-0.610439
0.401627
-0.984327
-0.642997
0.427274
0.550835
-0.842371
0.433069
0.732926
-0.234637
0.983104
-0.166725
0.896577
-0.186821
-0.957969
0.274670
0.482817
-0.683156
0.963863
0.285133
0.995565
-0.997815
0.975568
-0.988398
0.667475
0.941708
0.797121
0.158422
0.546186
0.999620
-0.997025
0.999751
0.217385
0.418898
-0.702942
0.901041
-0.988210
0.434338
0.954539
-0.890560
0.973777
-0.558940
0.169229
0.919333
-0.242040
0.257800
0.471053
-0.823695
-0.084694
0.660754
-0.196920
0.045878
0.974144
0.817941
0.999954
-0.415896
-0.529122
0.999611
-0.616585
0.974227
0.958416
-0.980120
-0.027662
-0.317334
0.926598
0.826854
0.628181
0.959837
-0.990187
0.545046
0.297533
0.579376
0.990580
0.874247
-0.753360
0.437272
0.631838
-0.214740
0.898628
0.147475
0.781073
-0.869122
-0.997171
-0.664157
0.251573
-0.453766
-0.657944
-0.580698
0.835429
-0.786028
0.771530
0.644969
0.402533
-0.992828
0.978905
0.107852
-0.452474
0.771943
-0.613897
0.568108
-0.910692
0.048703
0.552895
-0.520603
-0.978064
-0.948981
0.973287
0.910823
0.932679
0.036654
0.216604
0.846252
0.352174
-0.175157
0.980188
-0.836287
-0.624050
-0.200262
-0.491112
0.747568
-0.754510
-0.882164
0.556089
-0.599587
0.691831
0.219042
-0.879298
0.768461
-0.995536
-0.375622
-0.394990
0.006355
0.942659
-0.029693
0.953768
0.275647
-0.040796
0.386971
0.416157
-0.232023
0.938879
-0.996565
-0.451948
0.062714
-0.859733
0.332264
-0.882521
0.547969
0.659657
0.461232
0.441495
-0.461536
0.641804
0.801165
0.667507
-0.706631
-0.662016
-0.732771
0.462571
0.632071
0.829862
0.991208
0.627284
0.169573
0.749313
-0.977061
-0.960897
0.582376
-0.792829
0.232206
-0.825979
-0.833740
0.632018
-0.779218
0.437148
0.943783
0.488616
0.974464
0.995159
-0.572978
0.562143
0.938756
0.806846
0.307569
-0.975747
-0.789447
-0.992466
-0.569031
0.631823
0.153476
-0.127458
0.516503
0.932437
-0.314220
-0.240031
0.401189
0.622593
-0.863479
0.758813
0.105943
0.746740
0.357129
0.806752
-0.996462
0.189313
-0.999996
0.972732
-0.171417
-0.749898
-0.731122
0.966069
0.998210
0.882264
-0.961908
-0.873666
-0.254613
0.628907
0.215434
0.673189
-0.709244
0.135556
0.246912
0.233694
0.958068
0.989156
0.287899
-0.631088
0.837985
-0.822446
-0.845685
-0.564861
-0.998708
-0.456002
-0.497154
-0.994971
-0.657727
0.441610
-0.841409
0.978105
0.779861
-0.700264
-0.760789
-0.980070
-0.896288
0.961857
-0.778621
0.732725
0.442624
0.350622
0.759521
0.324766
0.914229
-0.663401
0.660934
0.924915
-0.380314
0.999964
0.789657
-0.403526
0.964595
0.865893
0.912712
0.697551
-0.419802
0.855570
0.546387
-0.502472
0.061915
-0.994931
0.831600
0.999926
-0.998068
0.909163
0.983873
-0.983732
0.699808
0.545044
0.259442
0.777149
0.963662
0.997686
-0.345522
-0.275698
0.893928
0.532222
-0.207655
0.986715
-0.998449
-0.993372
0.300079
-0.806268
0.999733
0.091866
-0.102982
0.996929
-0.958309
0.960694
0.427234
-0.145784
-0.973271
0.370994
-0.751041
0.271840
0.247283
-0.084684
0.584085
0.775901
-0.596383
0.942174
0.456506
0.908211
-0.946955
0.578872
0.903077
-0.979181
-0.996123
0.281498
0.486820
-0.744059
0.973207
0.041830
-0.327520
0.795999
-0.336245
0.685844
0.449220
0.545850
-0.951900
-0.934106
0.262541
-0.764880
0.009107
-0.219123
-0.386752
0.197192
0.380542
-0.992105
-0.584430
-0.941116
0.460672
-0.169919
0.286570
-0.780018
-0.796295
0.962310
-0.744640
0.577315
-0.997068
-0.732030
0.076719
0.853389
0.404610
0.836821
-0.173121
-0.947618
0.066902
-0.850858
-0.939370
0.436525
-0.907690
-0.992150
-0.307721
0.635939
-0.789102
-0.802335
-0.767553
0.172522
0.838417
-0.122558
0.434601
0.239958
0.883551
0.996932
0.542981
-0.423636
-0.849748
0.962919
-0.792799
-0.532004
0.366308
-0.128263
-0.773031
0.371369
0.102542
0.758333
0.874383
0.092482
0.857177
-0.420356
-0.919284
0.869940
0.982993
0.306548
0.568412
-0.371522
0.024392
-0.286247
0.016357
0.936167
0.656330
0.042092
0.174056
0.324330
0.397269
0.032579
0.882438
-0.567517
0.287183
0.840721
0.891680
0.544634
0.598971
0.425971
0.024280
-0.995416
0.013902
-0.810021
0.348467
-0.459211
-0.380584
0.512611
-0.994837
-0.587404
0.202640
0.305651
-0.610535
0.646527
0.416193
-0.795806
-0.996595
-0.975795
0.689542
-0.539384
0.410502
-0.963029
-0.500735
0.922882
0.497498
-0.880225
-0.990003
-0.999753
0.721966
-0.893507
-0.869267
0.235298
0.997362
0.415034
-0.790906
0.565808
0.473477
0.942709
-0.552571
0.960578
0.044400
-0.722352
0.331578
-0.221807
0.612496
-0.983129
0.735674
-0.555967
-0.273459
0.014243
0.983376
0.474270
0.219345
0.000044
0.672203
0.500481
0.164334
-0.858141
0.128092
0.806325
0.224559
-0.611358
-0.910903
0.999748
0.308782
0.956475
-0.145766
0.988078
0.464671
-0.981667
0.580713
-0.822599
0.993258
0.137119
-0.992007
0.997153
0.950130
0.381228
0.151169
0.617981
-0.213736
0.804538
-0.995100
0.999653
0.932734
0.817901
-0.738463
-0.997882
-0.951574
-0.947382
-0.711194
0.969969
0.341181
0.641832
0.885101
0.981195
0.736898
0.887923
-0.430995
0.415677
0.933561
-0.929206
-0.816659
0.627605
0.382901
0.590100
-0.303027
0.854766
0.950445
-0.483481
-0.785651
-0.239883
0.847938
0.381996
0.083974
-0.259675
0.999998
0.067553
0.975233
0.360426
0.993665
0.029640
0.724447
0.538539
-0.444913
0.116938
0.249983
0.750681
0.922722
-0.807291
-0.478877
0.225450
0.264991
-0.175600
0.694083
0.131889
-0.451930
-0.296910
0.803906
0.815515
-0.968181
0.845211
-0.974983
-0.949725
-0.190033
-0.215570
0.967044
-0.906520
0.169740
-0.525683
0.415739
0.540846
0.246750
-0.650344
0.437561
0.876635
-0.922877
-0.784257
-0.050466
0.966169
0.932126
-0.773253
-0.687360
-0.642516
0.717978
0.180382
-0.218461
-0.806581
0.497977
-0.250878
-0.444580
-0.712107
0.819924
0.203225
0.547859
-0.272870
0.567266
-0.921578
-0.983699
0.727384
0.658762
0.994203
0.811926
-0.563945
0.657234
0.653159
0.076669
0.978399
-0.494255
0.998534
-0.449082
0.989914
0.958704
0.446201
-0.360317
0.552195
-0.366735
-0.522983
0.619333
0.555682
0.753706
0.933862
-0.912309
-0.020836
0.629084
-0.325847
-0.188373
0.244433
-0.495061
0.021211
0.268337
0.948723
-0.971390
0.868233
0.414792
-0.217054
-0.908080
0.268990
-0.538036
0.146505
0.353345
0.242612
0.450033
0.933997
0.942967
0.912855
0.901422
-0.616601
0.998822
0.013802
0.830045
0.219810
0.691289
-0.917647
0.981518
0.871150
0.895049
-0.905907
-0.646988
0.449131
-0.853517
-0.028623
-0.993096
-0.922116
0.841656
0.839190
0.003825
0.682516
-0.955805
0.475828
-0.872989
0.797794
-0.952077
0.780998
0.205510
-0.034518
0.207400
-0.894328
-0.996785
0.268470
-0.874225
0.998244
-0.592884
0.921097
0.866353
0.460183
0.900710
-0.249261
-0.559005
-0.997522
-0.302627
0.835692
-0.533080
0.068461
0.098443
0.999080
-0.152787
0.985503
-0.571190
0.999325
0.897947
-0.989976
0.993950
0.999959
0.796348
0.596770
0.533440
0.055313
-0.156815
-0.248000
0.983423
-0.992045
-0.320083
0.973016
-0.474475
0.340092
0.684234
0.921759
-0.735509
0.984347
0.714477
0.029950
-0.326006
-0.905284
0.048223
-0.469236
0.999997
0.136950
-0.302968
-0.050913
-0.976836
-0.976330
0.027013
-0.220050
0.996850
0.612652
0.985571
-0.251525
-0.003567
-0.469573
-0.853522
-0.255686
-0.843918
0.038416
0.968245
0.918575
-0.193026
-0.669390
-0.481780
0.518431
-0.392996
-0.992955
-0.929685
-0.993420
0.183163
0.946935
0.955367
0.194083
0.624456
0.997592
0.821208
0.189912
0.974408
0.656128
0.684613
0.125977
-0.998772
-0.088322
0.822847
-0.959805
0.402350
-0.829446
-0.177502
0.182366
-0.978146
-0.732364
0.469134
0.111600
-0.117029
-0.881872
-0.920644
-0.183462
0.498966
0.998800
0.873059
-0.445818
0.123794
0.538398
0.607782
0.162193
-0.534601
-0.999719
-0.570691
0.981610
0.850835
-0.722323
0.281546
0.978527
0.210470
0.851296
0.855405
-0.919515
0.725914
-0.270245
0.592239
-0.801510
0.027459
0.195590
-0.995463
-0.993482
0.921066
0.694782
0.985857
-0.741736
-0.523725
0.033496
-0.525393
0.881481
-0.988789
-0.850175
0.843454
-0.424650
0.104633
-0.879127
-0.971485
0.984925
0.430474
-0.270004
0.463546
-0.982222
-0.365942
0.274522
0.981352
0.020953
0.996680
0.940460
-0.795623
0.183007
-0.551779
-0.696679
-0.644483
-0.259426
0.284452
-0.553322
-0.721562
-0.848364
0.125136
0.894758
0.258472
-0.950053
-0.419902
0.288589
0.398457
0.077003
0.461254
0.399259
0.696197
0.528323
0.440309
0.993422
0.133446
0.573189
0.209245
-0.512510
0.295553
0.807182
-0.617616
0.720909
-0.007195
-0.981472
-0.540976
0.526299
0.999947
0.878365
0.111025
0.320451
0.999809
-0.897204
0.999911
-0.739722
0.958747
0.222524
0.959480
-0.961125
-0.732117
-0.986998
0.267525
0.988902
-0.592249
-0.446934
-0.098000
-0.981745
0.453006
-0.923308
0.076310
0.715495
-0.752419
0.454949
0.446638
-0.842748
-0.974310
0.186530
-0.330051
-0.670600
-0.862321
0.895784
0.417646
-0.334324
0.046076
0.855364
0.210440
0.051339
0.791875
-0.846819
0.564952
0.140665
0.611914
0.039502
-0.204904
-0.027694
-0.172185
0.067681
0.664244
-0.999999
0.138889
-0.661148
0.813807
0.285514
-0.721299
-0.322167
-0.592741
0.880446
-0.678631
-0.236212
0.499813
0.719966
0.874949
-0.217308
0.591344
0.696884
0.940202
0.101275
-0.794587
-0.189316
-0.930969
0.608217
-0.609282
0.084055
0.538667
-0.829508
0.993418
-0.331295
0.933957
0.632692
-0.998149
0.656397
-0.768027
0.998911
-0.680370
-0.647285
0.809502
0.585412
-0.680568
0.983925
0.341989
0.223101
0.802755
-0.316073
0.641558
0.566970
-0.774154
-0.838887
0.505087
-0.998674
0.695738
0.039992
0.189855
-0.665391
0.184197
-0.944699
-0.998898
-0.982982
0.174358
-0.710610
0.971225
-0.269752
0.799338
-0.683484
0.745649
-0.088511
-0.857595
-0.381591
0.051835
-0.426389
-0.898630
0.118538
0.923866
0.103845
0.965498
0.271436
0.209540
-0.738400
0.115306
-0.313301
0.486930
0.533325
-0.945884
0.325929
0.265703
-0.970767
0.127286
-0.409665
0.321897
0.525425
0.953147
0.540737
0.987246
0.511116
-0.190317
0.938421
-0.232393
0.622422
0.496314
0.391310
0.968327
0.405991
0.978061
-0.906689
0.591038
0.982026
-0.772493
-0.037149
0.928243
0.541519
0.009480
-0.811629
0.666603
0.630988
-0.111694
-0.991323
0.441648
0.999613
-0.982776
0.945195
0.046578
-0.568585
-0.337938
0.988433
0.071811
-0.740079
-0.065051
0.960391
-0.431601
0.016272
0.012544
0.362004
0.515390
0.112874
-0.522728
-0.956058
0.233953
0.520405
0.438301
0.618948
-0.604603
-0.340995
-0.004167
0.430110
-0.051574
-0.271802
0.129526
-0.207184
-0.346245
0.046258
0.668923
0.619121
0.056873
-0.947855
-0.993929
-0.879436
-0.972421
0.974056
-0.866899
-0.252582
0.289483
0.841638
-0.845817
-0.296177
0.038046
0.878600
-0.172794
0.473081
0.701142
-0.758200
0.823175
-0.949276
-0.011167
-0.755990
-0.174527
-0.917642
-0.973312
0.262665
-0.506461
-0.556532
-0.374025
-0.504780
0.326429
-0.823826
0.049632
-0.904069
-0.894126
0.946294
0.419282
-0.888385
-0.995574
0.162361
0.244528
-0.362981
0.251786
0.713308
-0.051722
-0.996838
0.254434
0.903515
-0.218010
0.985012
-0.979649
-0.996703
0.190393
0.132724
-0.912996
-0.231683
0.762438
0.767715
-0.449904
0.303165
0.163150
-0.231868
-0.680368
0.722646
-0.293757
0.343544
0.013911
0.333122
-0.686771
-0.901679
-0.504804
0.142209
0.575915
0.153148
-0.644260
0.640638
-0.245899
-0.189396
-0.178387
-0.745535
0.092364
0.539547
0.752581
0.460388
0.992956
-0.966470
0.314941
0.977079
0.105963
0.405551
-0.906972
-0.842570
-0.212874
-0.083259
-0.638598
-0.544988
0.357894
-0.655659
0.566547
0.841790
0.291316
0.998091
0.516196
0.823284
-0.759052
-0.899947
0.998762
0.488583
-0.674035
-0.081276
-0.715610
-0.818075
-0.964878
0.999726
1.000000
0.222388
-0.347119
0.664076
-0.878878
0.064109
0.198115
-0.725723
0.739600
-0.757637
-0.468936
0.323503
0.410976
-0.540394
0.945420
-0.709873
0.752441
0.505896
-0.592732
0.954427
0.853752
-0.790299
0.535470
-0.973367
0.527778
0.127189
0.847443
-0.812230
-0.196714
-0.413848
0.241657
0.398531
0.814584
-0.735196
-0.637590
0.384739
0.869797
-0.673229
0.964087
0.091845
-0.782191
0.255720
0.607771
-0.042664
0.160989
-0.912447
-0.984619
-0.675679
-0.998281
-0.934602
0.878466
-0.650982
0.574968
-0.996943
0.996205
-0.861322
0.062682
-0.862484
0.523959
-0.487169
0.962989
0.994241
-0.998287
0.022773
-0.916998
0.841975
-0.947443
0.754389
-0.766899
-0.115181
0.788796
0.833554
0.993746
-0.516112
-0.295659
0.932939
-0.693824
-0.183559
-0.997304
-0.690554
-0.875923
0.997631
-0.740326
-0.746574
-0.771303
0.158454
0.560670
0.536264
0.102236
-0.548254
-0.986263
-0.231331
0.207993
0.091546
0.224083
-0.954389
-0.322678
-0.451839
0.954373
-0.730496
-0.374565
-0.732880
0.011048
-0.514057
0.901227
-0.954054
-0.578742
0.428714
-0.586074
0.255943
-0.610497
-0.999026
-0.361240
0.592302
0.350022
-0.412300
0.769535
-0.947226
0.188382
0.357019
-0.202448
0.117779
-0.534188
0.331047
0.778857
-0.960297
0.943954
0.807759
-0.822092
-0.693233
-0.348420
-0.023625
-0.997072
0.995875
0.688546
-0.052703
-0.755932
-0.611587
0.149888
0.910268
-0.763295
0.618533
0.574157
0.406201
-0.987031
0.681568
0.073965
0.993774
0.278702
-0.556257
-0.973591
0.091046
0.342872
0.915228
0.999882
0.561562
0.850014
-0.433756
0.966617
0.693721
0.987149
-0.409554
-0.650153
-0.568381
-0.051794
0.432165
0.577485
0.552054
0.918615
0.699242
0.956448
0.953960
-0.066327
-0.691040
-0.856869
0.015974
0.914949
0.023423
0.910210
0.994442
-0.872368
-0.564820
-0.571322
-0.447059
0.736412
0.119675
0.219688
-0.892160
-0.799069
0.999232
0.704340
-0.828087
-0.798366
-0.206636
0.978585
-0.998019
-0.817644
0.009153
0.622806
0.951634
-0.990100
-0.747691
-0.623863
0.068539
0.942943
-0.114069
0.036455
0.160555
-0.664964
0.713284
0.886978
0.124927
-0.998118
0.808255
-0.741280
0.853263
0.752699
0.377194
-0.611391
0.439977
0.809515
0.176682
0.466113
-0.921981
0.895227
-0.669130
0.579451
-0.218127
0.459111
0.975341
0.929554
-0.222419
0.423787
0.999985
-0.584217
0.142844
0.560492
-0.634157
0.968130
0.922833
0.039085
-0.651185
0.940868
0.889465
0.318478
0.999498
0.426159
0.239562
-0.769147
0.242550
0.999633
-0.561119
0.694815
-0.867561
-0.997752
-0.099174
-0.184524
-0.693285
0.995226
-0.763913
-0.899803
0.011262
0.094255
-0.736660
0.963711
0.883547
-0.796851
0.401428
-0.666143
-0.567600
0.923597
-0.400411
-0.673560
-0.661605
-0.654972
0.953083
-0.145685
-0.099222
0.859460
-0.465470
-0.024005
-0.875567
-0.062455
-0.103957
-0.204062
-0.394604
0.075044
0.930671
-0.738582
-0.776357
-0.806528
0.943835
0.445797
0.623282
0.969837
-0.984497
-0.782559
0.631452
-0.437544
-0.879494
-0.603033
0.806713
-0.368233
0.420705
0.341491
0.998554
0.697392
0.600003
0.579198
0.830373
0.041701
-0.521907
-0.731737
-0.254553
0.321937
0.074206
0.943793
0.760850
0.638267
0.039596
0.622455
0.941889
0.173266
0.260944
-0.238922
-0.999701
-0.937660
-0.984697
0.193683
0.608782
0.023181
0.851203
0.619742
-0.246837
0.593998
0.558539
-0.064700
-0.124761
0.867201
0.533865
0.601150
-0.335464
0.743656
-0.999999
-0.924661
0.323431
0.946822
0.319057
-0.944269
0.493787
0.484433
0.880274
-0.519937
-0.739586
0.980663
-0.567171
0.268355
0.995599
-0.480650
0.448656
0.605137
-0.357040
-0.757632
0.306332
-0.472096
0.003963
0.035305
0.947242
0.553598
-0.911993
-0.853746
-0.496479
0.476054
-0.999357
0.505855
-0.582887
0.430180
-0.973966
-0.470412
-0.100635
0.008735
0.051861
-0.396304
0.671242
0.696777
0.127566
0.382559
-0.633522
0.901158
0.627046
0.992828
-0.820620
0.585685
0.864780
-0.880936
-0.314315
0.994289
0.996332
-0.786706
0.287892
0.574689
0.357187
0.127606
0.884373
0.008873
-0.987880
0.984742
-0.013277
-0.378574
-0.934910
-0.398185
0.953915
0.994410
-0.168174
-0.999987
-0.442259
0.656655
0.355057
0.202826
-0.820993
-0.185762
-0.828104
-0.999822
0.681298
-0.957350
-0.996675
0.851717
-0.862022
-0.980379
-0.262455
0.799446
-0.899470
0.915220
0.935776
-0.993633
0.635775
-0.960228
0.158070
0.768773
-0.266093
-0.985020
0.757792
0.875902
0.531273
0.866910
-0.769927
-0.713370
-0.550711
-0.960158
0.269923
-0.881682
0.974909
-0.101741
-0.995576
-0.400404
0.468556
-0.263188
-0.191379
0.825858
-0.333115
-0.593433
0.589850
0.999576
0.278232
0.617716
-0.856576
-0.941747
-0.171503
0.694726
0.421890
-0.975304
0.843131
0.298645
-0.638606
-0.623949
0.947939
0.742840
-0.891741
-0.103450
0.628757
-0.751345
0.382164
-0.487965
-0.049615
-0.886074
-0.968413
-0.441579
0.561969
-0.448311
-0.837502
-0.058264
0.344555
-0.402812
0.470390
0.775109
0.216944
0.039764
0.144020
0.390463
0.321259
0.953765
-0.015477
0.780525
0.701120
-0.328559
-0.779129
0.939894
-0.708687
-0.587046
-0.485546
0.990215
-0.975622
0.989033
-0.768477
0.670344
0.027381
-0.859073
-0.911809
-0.451948
0.079381
-0.956180
-0.259916
-0.957564
-0.178614
0.782765
-0.924882
0.116360
0.101110
0.953962
0.648928
-0.516893
0.999252
0.696467
0.565790
0.283493
0.353493
-0.269523
0.962456
-0.242214
0.596106
-0.822144
0.681245
-0.327142
0.927609
0.887376
0.547509
0.228480
-0.143975
-0.270512
1.000000
-0.567649
0.781304
-0.310154
-0.814052
0.638304
-0.799700
-0.994580
-0.601851
-0.714051
0.390277
0.786445
0.603812
0.136891
0.985874
-0.479827
-0.741831
-0.957465
0.978499
0.932810
-0.960365
0.973783
-0.201440
0.309792
0.937181
0.071115
-0.508227
0.056105
-0.975170
-0.892057
-0.796211
0.859394
0.840696
-0.716378
0.339911
0.998265
0.388087
-0.256022
0.859496
-0.984294
0.641508
-0.804846
0.633056
-0.566956
-0.884876
0.653141
-0.714721
0.975387
-0.999920
-0.368519
-0.858242
-0.229620
0.987809
-0.738535
0.405956
-0.862853
0.835357
0.423705
-0.447714
-0.543975
0.343607
0.572184
-0.906681
0.238057
0.305816
0.999239
-0.561581
0.999602
-0.959349
0.353877
-0.252552
0.538187
0.524785
-0.398946
0.954020
0.295838
-0.280568
0.783656
0.933485
-0.453158
-0.920139
-0.411407
0.602304
0.003655
-0.968639
0.737974
0.611666
0.968504
0.947105
-0.048986
0.964198
-0.010845
-0.017804
0.955941
0.663902
0.957426
0.540678
0.342027
-0.407948
0.088070
-0.919637
-0.781276
0.441522
-0.032570
-0.965236
0.442041
-0.893867
0.998700
0.286570
-0.827862
0.940518
-0.786404
0.661470
0.417237
-0.765274
0.562257
0.868220
0.393146
0.773156
0.070500
0.253593
0.526325
0.880980
0.696932
0.101925
-0.610471
0.904618
-0.995545
0.924556
-0.163113
-0.508660
0.981910
0.646957
0.812643
0.978196
0.964086
0.323314
-0.210716
-0.977727
0.794908
0.937160
-0.793133
-0.763158
0.275532
-0.869419
0.991831
0.501501
-0.988144
0.592616
0.001709
0.658310
0.888884
0.697855
-0.520509
0.458488
0.487176
0.995748
0.626742
0.897621
0.143080
0.993625
-0.901959
-0.435188
0.080326
0.472138
-0.899641
-0.637113
-0.067825
0.257935
0.854290
0.053080
0.084073
-0.280539
0.961181
0.864946
-0.589303
-0.496234
0.991083
-0.894091
0.198015
0.510686
0.484068
0.999773
0.760922
-0.863781
0.712793
-0.449268
0.961114
-0.953714
-0.521395
0.050251
-0.978340
0.566466
0.079042
0.020683
-0.850275
-0.884769
0.067402
0.132382
-0.701411
-0.085413
0.893905
-0.338326
-0.972874
0.262464
-0.764050
-0.679709
-0.378918
0.469109
0.550141
0.887289
0.046656
-0.025403
0.286139
-0.999929
0.167612
0.659146
0.000645
-0.649067
0.217834
0.916071
-0.773456
-0.763719
0.750939
0.629634
-0.998332
0.901970
-0.182509
-0.954347
0.885119
0.927457
-0.994477
0.612749
-0.113045
0.427427
0.759629
-0.455877
-0.339568
-0.544812
-0.658811
-0.300279
-0.996210
0.626062
-0.989235
0.407657
0.859101
0.001043
-0.013987
-0.584422
-0.857637
-0.793481
-0.323265
0.825593
0.587742
0.364721
-0.860142
0.849672
0.504414
0.222280
-0.801695
-0.969420
-0.885466
-0.363149
-0.886158
-0.936869
-0.882210
-0.764978
0.971073
0.351678
0.847703
0.380674
-0.787596
0.215177
0.973659
-0.665748
-0.523101
0.991182
0.314721
0.962839
0.548340
-0.271063
0.220168
0.609567
-0.532537
-0.596030
0.702381
-0.869849
0.781411
-0.431574
0.518839
0.990257
0.055316
-0.568742
0.449212
0.453005
0.951443
0.986120
0.500663
0.234685
-0.938919
0.541815
-0.940696
-0.235805
-0.488568
-0.662782
-0.677955
-0.991056
0.486592
0.871135
0.600943
-0.120939
-0.398431
0.611492
-0.991627
-0.511223
0.563811
-0.721818
-0.977993
0.630768
-0.703852
0.994114
-0.346939
0.988185
0.297483
0.901347
0.048689
0.342216
-0.633731
0.288725
0.943388
-0.979215
-0.520320
0.229144
0.674284
-0.930155
0.831298
0.093546
0.225891
0.575208
-0.173623
0.384536
-0.939760
-0.624628
0.574359
0.557901
0.535724
0.464423
0.779209
0.072770
-0.671266
0.632816
0.310703
-0.678330
-0.110857
0.999806
0.892397
0.265288
0.920067
0.635522
-0.058314
0.362885
-0.971438
0.999966
0.856883
-0.159156
0.876547
-0.620990
0.977991
0.863954
0.268825
-0.257039
0.757595
0.340130
0.997806
0.326495
0.304375
0.493320
0.905554
0.371638
-0.899614
-0.271371
-0.620222
-0.864773
0.946800
0.950481
-0.930968
-0.604785
-0.314365
-0.768859
0.742848
0.383065
0.630633
0.538312
0.854740
0.836745
0.834871
0.306491
-0.322846
-0.944588
0.276262
0.201790
-0.734836
0.572163
-0.638815
-0.803473
-0.546658
-0.928921
-0.953425
0.767264
-0.463211
-0.724403
0.919800
0.721574
-0.837454
0.999572
0.999931
0.996647
0.881901
-0.633513
-0.974276
-0.999221
-0.986038
-0.827739
-0.680412
0.993788
-0.940614
0.378957
0.977417
0.995084
-0.991518
-0.317638
0.457822
-0.723732
0.371327
0.112703
-0.653822
0.063093
-0.389628
0.069648
0.922173
0.645963
0.665235
-0.127995
0.762696
-0.634611
0.999639
0.242697
-0.851305
0.886313
-0.276161
-0.865288
0.834137
-0.872197
-0.994289
-0.977866
-0.622245
-0.289532
0.997807
-0.428613
-0.340207
0.092500
-0.685775
0.815095
0.532783
0.576537
0.484116
-0.911919
0.875142
-0.486855
0.353773
0.991775
0.745045
-0.999999
-0.048117
0.551026
-0.825087
0.696902
0.705971
0.525787
0.895540
-0.978178
0.331171
0.553318
0.863465
0.551863
-0.919083
0.221941
0.930015
0.578227
0.663115
0.868958
-0.218588
0.481457
0.418592
0.534871
0.242765
-0.992281
0.479526
-0.990149
-0.900747
0.999266
-0.374045
0.162617
-0.716356
-0.789238
-0.453568
-0.910907
0.971375
0.659612
-0.406625
0.378007
0.999931
0.994792
0.789333
-0.943827
0.242095
0.657016
0.915898
-0.906587
-0.244678
-0.021296
0.584843
-0.177913
-0.178161
0.180810
-0.519630
0.137785
-0.603820
0.392247
0.980500
-0.593071
0.943342
-0.755887
-0.967066
-0.567517
0.325409
-0.939036
0.868149
-0.687374
-0.904121
-0.061169
0.218283
0.955140
0.517599
-0.960322
0.378592
0.985019
-0.878932
-0.960922
-0.156835
-0.582707
0.511185
-0.995238
-0.343870
0.621412
0.522512
0.572478
0.302679
-0.988650
0.643010
0.375593
-0.152668
0.402846
-0.017147
0.832962
-0.972440
0.096452
0.215482
-0.088890
-0.997579
0.712940
0.769331
0.460610
-0.979786
-0.297894
-0.994804
-0.760516
-0.999404
0.427877
0.481226
-0.614851
-0.037836
0.371912
0.323697
0.522186
-0.440437
-0.144646
0.290082
0.783906
-0.458223
0.354790
-0.543243
0.360255
-0.214290
0.376470
0.998284
-0.695327
-0.211017
0.010342
0.765812
0.336825
0.727010
0.822449
0.768288
0.909397
0.184735
-0.373617
-0.753262
0.211911
-0.996816
0.558136
-0.936410
0.868968
0.124608
0.597504
-0.225910
0.678020
0.021933
-0.839774
0.013812
-0.581430
0.798605
-0.256428
0.896494
-0.618559
0.994151
-0.999850
-0.248920
0.101480
0.028661
-0.491294
-0.393803
0.570886
-0.583349
-0.226280
0.652004
0.952268
-0.980611
-0.189767
-0.419784
0.555963
0.060406
-0.343382
0.704893
-0.899479
0.998117
-0.279415
0.019181
0.388607
0.913966
-0.905143
-0.994993
-0.576317
0.965237
-0.685891
-0.970596
0.802986
0.177064
-0.812214
0.401244
0.986345
-0.948579
-0.834935
-0.962493
0.763202
-0.999225
0.520242
-0.898582
-0.843231
0.549489
-0.705647
0.816342
0.481560
0.671064
-0.999076
-0.995205
0.998879
0.930714
-0.005807
-0.010895
-0.812055
-0.838817
0.997641
-0.439945
-0.968984
0.032626
0.641547
-0.975880
0.228710
0.238326
-0.722931
-0.399669
-0.904449
-0.838812
0.988223
-0.955260
-0.481852
0.627782
-0.702545
0.977116
0.715029
-0.662930
-0.173158
0.438659
0.833843
-0.321646
0.991867
0.300035
-0.991976
0.418327
0.929056
0.771867
-0.519559
0.968762
-0.781368
-0.736977
0.373345
0.788584
-0.983846
0.849007
0.693654
-0.266025
-0.213472
-0.198941
-0.503241
-0.725476
0.468997
0.641932
-0.128590
-0.681747
0.393047
-0.207937
0.010917
0.996431
-0.746787
-0.505246
-0.984180
0.531734
0.713729
0.719598
0.107544
0.969259
0.597831
0.131243
0.256496
-0.927083
0.131818
0.208022
-0.405673
0.624378
0.081113
0.465744
0.902673
0.430596
0.849349
0.203599
-0.998055
0.999830
-0.938374
-0.840484
0.809924
0.593968
0.527712
-0.992544
0.438531
0.453728
-0.999382
0.017314
-0.766875
0.710052
0.990492
0.766767
0.465885
-0.600949
-0.258825
0.693058
-0.147270
-0.265840
-0.087234
0.995047
0.161315
0.341634
0.309627
-0.405856
-0.445558
-0.886060
-0.701318
-0.799814
0.990735
-0.826351
0.899874
-0.201016
0.567927
0.564857
0.999991
-0.731301
0.712063
0.719278
-0.481703
-0.982170
-0.446909
0.613624
-0.810195
1.000000
0.940099
0.998531
-0.928487
0.176042
-0.521694
0.935273
-0.116351
0.261315
-0.958426
0.974652
-0.928233
-0.912153
-0.510406
0.516785
0.426821
-0.979024
0.521537
0.821931
-0.299690
-0.862194
-0.129758
-0.358656
-0.969952
-0.515925
-0.431466
0.661774
0.570925
0.183436
0.286532
-0.999504
-0.493096
-0.223453
-0.310506
-0.217464
-0.817039
0.278147
-0.991458
-0.417695
-0.731724
-0.463167
-0.991541
0.492913
-0.190535
0.992637
0.108283
-0.344802
0.955376
-0.314915
0.897475
-0.868761
0.259228
0.585124
0.977398
0.246721
-0.315504
-0.984264
0.322505
0.544818
-0.781937
-0.411343
-0.535192
0.615078
-0.608276
0.370070
0.677333
-0.994134
0.976032
0.999627
0.389127
-0.973438
-0.548689
0.032897
0.376944
-0.004765
-0.289962
0.798195
-0.898458
-0.463211
-0.707460
-0.014295
-0.873247
0.277751
0.990151
0.999991
0.365568
0.219393
-0.183195
-0.758376
-0.751429
-0.639100
-0.974164
-0.184101
-0.508255
0.442558
-0.903880
-0.715539
0.429133
0.299596
-0.643634
-0.470472
-0.223852
-0.185239
-0.797740
0.545657
0.918072
-0.517619
-0.931053
-0.990700
-0.932984
-0.010097
0.985990
0.628805
-0.957274
-0.513995
-0.751436
-0.379770
0.962552
-0.978812
0.825853
-0.184001
-0.896594
0.165066
0.534634
0.664865
-0.999720
0.831256
-0.980353
0.923444
-0.134120
0.167077
0.537108
0.875187
0.247980
-0.915125
0.563917
-0.287866
0.314923
0.999816
0.028379
-0.486165
0.397926
-0.697790
0.917115
0.206449
0.993527
0.838810
0.999419
-0.930020
-0.054179
-0.775341
-0.925740
0.749550
0.299017
-0.220518
0.503937
0.594553
-0.901124
0.848063
-0.774205
0.315273
0.292246
0.507262
0.665686
0.309115
-0.615411
-0.908256
0.248184
0.643652
0.187498
-0.614873
0.195517
0.313354
-0.956642
0.411044
0.411958
-0.144054
0.265213
-0.276401
0.537334
0.261016
0.514080
0.785765
-0.939757
-0.674454
-0.967487
-0.493803
0.510628
-0.993906
0.999831
-0.856054
0.973441
-0.138954
0.998913
-0.372385
0.831789
-0.682266
-0.758022
0.221686
0.999005
-0.954979
0.992067
0.668079
-0.952126
-0.316917
0.997333
-0.193889
0.199005
0.293250
-0.482203
0.452217
-0.999552
-0.565754
-0.643878
0.886438
-0.233830
0.989569
-0.833580
0.911128
0.396097
0.772179
0.808002
0.998397
-0.295374
-0.035718
0.895521
0.883499
0.420870
0.272860
-0.280944
-0.974472
0.768366
0.415493
-0.961383
-0.168961
0.857815
-0.512194
0.517120
0.030240
-0.604404
0.961611
0.116221
-0.886672
0.913714
0.998754
-0.962379
-0.809603
-0.985678
-0.898889
0.152841
-0.650428
0.999797
0.593263
-0.059081
0.587200
-0.768213
-0.668014
0.442965
0.782890
0.996601
0.015522
-0.992929
0.810441
-0.958586
-0.253431
-0.926426
0.997757
-0.975764
-0.805924
-0.955685
0.532545
0.708014
0.845377
0.012622
-0.984150
0.418481
0.955013
0.287277
0.671316
-0.219064
-0.983069
0.618706
-0.943966
-0.146338
0.808538
0.186738
0.043206
-0.779167
0.223553
0.768947
-0.555118
0.179811
0.082148
-0.079972
0.950770
0.369206
-0.216351
0.729611
-0.629980
0.816009
0.948704
-0.425401
0.209394
0.094223
0.353138
0.346458
-0.332768
-0.131020
0.048484
-0.338919
0.905786
-0.133813
-0.999995
0.997795
0.329605
0.484921
0.238725
0.966931
0.896552
0.999337
-0.059620
-0.990143
-0.387783
-0.674956
0.035197
-0.505488
0.484239
0.930653
0.110171
0.571091
0.739887
0.904655
-0.370686
-0.926362
-0.948646
-0.956313
0.741573
-0.497188
-0.645828
-0.911187
0.131310
0.965300
0.806152
0.999985
-0.825465
-0.315466
-0.748726
-0.594197
-0.983672
0.394207
-0.465080
-0.411890
0.981736
0.519355
0.945778
0.982636
0.403439
-0.100157
0.271779
-0.296633
-0.481859
-0.828154
0.122179
0.568723
-0.295441
0.477311
-0.948373
0.815378
-0.004075
0.876571
0.150323
0.998527
0.827199
-0.495774
-0.149396
0.050734
-0.235016
0.767308
0.537293
-0.373153
-0.778069
0.999848
-0.791010
-0.795211
-0.688049
-0.457468
0.646419
-0.933559
0.926887
0.894295
0.236743
0.626952
0.648083
-0.733064
0.597438
-0.865625
0.526920
-0.135162
-0.189112
-0.728559
0.970177
-0.946056
0.999729
-0.923849
0.478120
0.285256
-0.614425
-0.880069
-0.137342
-0.796047
0.984392
0.983409
-0.136658
0.709218
0.148296
0.889903
-0.865098
0.291223
-0.392122
0.260020
0.375209
-0.264473
-0.908762
-0.361098
-0.025123
-0.847224
-0.908548
0.943865
-0.720515
0.999165
0.478875
0.454726
0.597286
0.304278
0.688133
-0.548948
-0.991987
-0.857673
-0.915957
-0.314211
-0.362060
-0.297285
-0.980781
0.167797
-0.914020
0.581111
0.699956
-0.804461
0.743295
0.504666
0.339265
0.464944
0.374369
0.852408
-0.718071
0.999415
0.718207
0.998831
-0.795358
0.092223
-0.997733
0.900644
0.765542
0.390139
-0.998317
-0.878185
0.231272
0.936233
-0.583431
-0.986302
-0.775387
0.158245
0.233497
0.715830
-0.630205
0.030783
0.161820
0.923551
-0.711301
0.574812
0.996829
-0.844599
0.444965
0.647952
0.027439
0.454316
0.777350
0.122679
0.871328
0.275207
0.744758
-0.972187
0.236439
0.723195
0.088770
0.220349
-0.507824
-0.086686
-0.493429
0.326052
0.587772
0.224902
0.810493
0.201965
0.931975
0.952127
-0.624177
0.213663
0.563408
0.265772
-0.632073
0.668082
-0.972533
0.257267
0.996115
0.958010
0.995946
-0.818328
-0.808793
0.271917
0.813964
0.997828
0.954279
-0.981912
0.583215
0.396743
-0.520680
-0.257115
-0.835986
-0.767406
-0.787140
-0.995150
-0.159343
-0.983538
-0.961030
0.348345
0.993786
-0.999003
-0.999660
0.504068
-0.024465
-0.974700
-0.995513
0.620551
0.940321
0.925854
0.524567
-0.328028
-0.221154
0.464352
-0.471514
-0.206332
0.285497
0.556528
0.490409
-0.990923
-0.983505
0.802130
0.531758
0.643797
0.466883
-0.984117
0.367970
-0.992856
-0.916742
-0.860849
0.987833
0.282206
0.446725
0.053369
0.767549
-0.015025
-0.329152
-0.921338
-0.820512
0.079798
0.922331
0.248426
-0.969857
-0.088232
0.613603
0.826051
0.190002
0.130680
-0.839915
0.512888
0.328509
-0.999977
0.992991
0.107765
0.920692
-0.528579
-0.866214
-0.988810
0.496771
0.829934
-0.680714
-0.992457
-0.490207
0.396991
0.937613
0.066605
0.477744
-0.501936
0.297089
-0.937497
-0.379028
-0.588342
0.999558
0.528623
0.861031
0.210584
-0.518783
-0.520236
-0.912423
0.765186
0.422394
0.279534
0.999979
-0.155926
0.157226
0.480886
-0.336443
-0.428620
0.548051
0.847630
0.615242
-0.451125
0.967863
0.764937
0.819254
0.999810
-0.957480
-0.819263
-0.999999
0.668666
0.006823
-0.849727
0.624719
0.774035
0.687269
-0.995881
0.086335
0.170101
-0.619282
0.192278
0.301841
-0.764648
-0.152617
0.388216
0.958389
-0.727031
0.662246
0.585104
-0.980249
-0.101234
-0.012917
0.495669
0.601677
0.551023
0.985764
-0.210039
-0.441747
0.513752
-0.339897
-0.990681
0.298044
0.790517
0.630679
-0.413493
-0.203359
-0.999191
-0.316631
0.355821
-0.301702
-0.549341
-0.679255
0.096922
0.649521
0.718680
-0.838452
-0.878640
0.973704
0.775914
-0.239720
0.960871
-0.887434
0.991978
-0.509037
-0.947011
0.772280
0.951395
0.894396
0.579672
-0.871865
-0.891732
-0.344696
0.472367
0.920145
-0.033751
0.143018
-0.738422
-0.572365
0.613210
0.311323
0.388805
-0.632507
-0.817862
-0.491366
0.955775
0.999503
-0.744814
-0.200862
-0.534619
0.962679
-0.345083
0.076001
-0.845733
0.180067
-0.961792
0.864685
0.469237
-0.963827
0.994382
-0.222585
0.598754
0.997759
0.994262
-0.590078
-0.552456
0.924885
0.115207
0.999948
0.369011
0.532772
0.002085
0.262628
0.608512
-0.928137
-0.988373
0.353748
0.420702
-0.701648
0.996580
0.617561
0.982946
0.155114
0.143168
0.243036
0.626241
0.866890
-0.184308
0.288977
-0.169099
0.401803
-0.971150
-0.857272
-0.261470
-0.853505
-0.246927
0.238199
-0.129651
0.771773
-0.738589
-0.799063
0.995043
-0.990900
0.889894
-0.629551
0.017124
0.258542
-0.030441
-0.463504
-0.711124
-0.386199
0.510000
-0.022363
0.996906
0.287852
0.092164
-0.556915
0.892875
0.363828
0.007152
0.933248
0.989815
0.076388
0.448836
0.396786
0.778393
0.110637
0.962328
0.595263
0.618269
0.583817
0.817417
-0.621423
0.538634
-0.991543
0.432537
0.044440
-0.995506
-0.921818
0.884042
-0.910985
0.969702
0.377398
0.572109
0.400280
0.936611
0.627458
-0.219749
0.244346
-0.850170
0.776728
-0.788888
-0.185654
0.798406
-0.069190
-0.999693
0.518978
0.375043
0.322678
-0.222887
0.992207
0.159370
-0.993666
-0.530335
-0.785464
-0.859114
0.202297
-0.170153
0.384183
0.975699
0.592483
-0.727511
0.173451
-0.761554
-0.505333
0.338935
0.925013
-0.901211
-0.999261
-0.904466
-0.296301
0.999997
-0.366082
0.326409
0.701352
-0.992834
0.398782
-0.251680
0.475037
-0.413293
0.312786
-0.878830
-0.999948
0.493988
-0.503830
-0.802471
-0.817466
-0.948112
0.876032
-0.927648
0.407471
0.867101
-0.121318
0.500274
-0.353318
-0.129203
-0.437769
0.627474
-0.522966
0.892881
0.554269
-0.260903
-0.957799
-0.005277
-0.957598
-0.840976
0.778166
0.455847
-0.014617
0.436855
-0.274536
-0.967920
0.984960
0.199231
0.430668
0.456684
-0.948766
-0.595724
0.992164
-0.956449
-0.975753
-0.973112
0.250060
0.765291
-0.034860
-0.991192
0.587230
0.094226
-0.761852
-0.952787
-0.954275
0.756113
-0.018576
-0.784530
-0.425240
-0.687468
0.056415
-0.050116
0.681904
0.610517
0.978511
-0.446916
-0.397653
-0.261972
-0.439172
-0.988708
0.873455
-0.286831
-0.040476
0.913689
-0.910366
0.669509
0.986349
-0.999823
-0.718204
-0.998359
0.255478
0.926805
-0.530547
0.926559
-0.698155
-0.338985
0.758392
0.464032
-0.806133
0.742540
0.902113
-0.987740
-0.570353
-0.994697
-0.440275
0.837451
-0.938429
0.409013
0.993378
0.286991
-0.561440
-0.943055
0.945947
-0.503174
0.276293
0.420110
0.608409
0.853358
0.993265
-0.988149
0.069197
-0.998512
0.227951
-0.576358
0.480657
-0.177864
-0.867874
0.965556
-0.177915
0.221490
-0.921896
-0.994080
-0.534026
0.810768
0.131404
0.693707
0.845041
0.054158
0.625285
-0.196567
-0.086627
-0.999773
-0.904565
0.415302
0.999890
0.210371
-0.484206
0.749537
0.056063
0.911083
-0.992679
-0.919519
0.816165
-0.934434
0.928142
-0.913443
-0.719724
0.379443
0.396033
0.904085
-0.999821
-0.373636
-0.517817
-0.546103
-0.336234
-0.839351
-0.799016
-0.101602
0.717233
-0.821033
-0.982072
0.705964
-0.215804
-0.998882
0.404585
0.630824
-0.151816
0.656783
0.564026
0.914208
-0.996790
0.102828
0.747468
0.344790
0.747962
-0.548948
-0.993619
-0.372067
-0.821272
-0.984550
-0.375008
0.492008
0.586560
-0.092473
-0.827627
-0.935682
-0.928230
0.986773
0.209030
0.555199
-0.900399
0.937762
0.283225
0.424593
0.604498
-0.776421
0.461134
0.999994
0.190542
0.998546
0.587256
0.390528
0.999980
-0.730099
0.631532
0.860337
0.967268
-0.273526
0.965919
-0.450348
0.892746
-0.987539
-0.066237
-0.788801
-0.743263
0.243026
0.280824
-0.435413
-0.929947
0.338434
0.053558
-0.992008
-0.995715
-0.583324
-0.596463
0.328838
-0.108941
0.422791
0.599480
-0.254922
-0.179645
0.987865
-0.044271
-0.868376
-0.931158
0.707386
0.957349
0.970817
0.459600
-0.388771
-0.996499
0.226227
0.301934
0.085558
0.913950
-0.537699
-0.198655
-0.793583
0.601138
0.364599
-0.033929
-0.060930
0.711888
0.297263
-0.931319
0.322276
0.699945
-0.621963
-0.959352
-0.425385
0.307919
-0.069042
-0.252512
0.128434
0.999995
-0.610416
-0.088850
-0.820684
0.966683
0.469880
0.393847
0.067947
0.956635
0.909071
-0.990229
-0.448045
0.201768
0.923490
0.903261
-0.999957
0.943202
0.563084
-0.069150
-0.809468
0.980295
0.326352
0.977529
-0.508367
0.404702
-0.820147
0.234880
0.985504
0.890262
0.692040
0.698347
0.946699
0.293713
-0.818891
0.998999
0.298485
-0.995195
0.035177
0.234372
0.374887
-0.756718
-0.998051
0.425363
0.311922
-0.960139
0.983963
0.389400
0.627776
0.240065
-0.119817
-0.654111
-0.059810
0.999034
0.253847
0.999687
-0.757958
0.982186
0.605085
-0.909008
0.974784
-0.565290
0.083804
-0.378261
0.584921
-0.262513
0.937146
-0.999986
0.789577
0.981149
-0.552422
0.962195
0.940044
-0.371882
0.402872
-0.806216
-0.001307
0.687299
0.397382
-0.775120
-0.073032
-0.226904
-0.682083
0.943428
0.085389
0.951837
-0.991233
-0.890711
-0.001897
-0.449707
-0.089973
-0.897116
-0.848135
0.213837
0.215772
-0.641456
-0.064999
-0.810131
-0.181132
0.927011
-0.432963
0.558560
0.359950
0.068604
-0.342076
-0.993057
-0.659150
0.239300
0.756722
-0.889808
0.993814
0.925995
0.627591
-0.042133
-0.878310
0.873050
-0.197118
0.497542
-0.932711
-0.924795
0.738311
-0.688273
0.748059
-0.617307
-0.405063
0.840932
0.638927
-0.522334
0.523201
0.460949
0.905976
0.407135
-0.968278
-0.462591
0.984210
-0.935303
-0.326422
-0.692658
0.747068
-0.795261
-0.604252
-0.579981
0.255836
-0.627023
-0.976976
-0.991319
-0.326110
0.682219
0.800586
0.960493
0.705141
-0.156075
-0.998065
0.413836
0.201601
-0.807946
-0.205806
-0.998902
0.251156
-0.197412
0.497592
-0.296492
-0.961317
-0.054560
0.164701
0.974626
-0.478466
-0.343419
0.975759
0.998691
-0.951230
-0.283592
0.702349
0.757159
-0.930438
-0.941918
0.649327
-0.717450
-0.608822
0.906518
0.164119
-0.826232
0.993996
-0.963313
-0.504433
0.001133
0.998363
-0.193222
0.361487
0.263550
0.654100
0.477137
0.992146
-0.905420
-0.756428
0.966051
-0.073399
-0.538729
0.410192
-0.909452
0.479686
0.997359
0.332982
0.507512
0.452293
-0.569046
-0.333805
0.715586
-0.969130
-0.845039
0.065398
0.425020
0.001487
-0.755304
-0.408342
0.073239
0.206733
-0.014505
0.676222
0.242401
-0.256612
-0.415939
0.398687
-0.631501
0.110564
0.061163
0.311722
0.426313
0.124846
0.175410
-0.912763
0.699637
-0.424317
0.604708
0.993172
-0.888362
-0.638752
0.706919
-0.267903
-0.851797
0.703999
-0.810746
0.407326
0.987803
0.674349
0.285315
-0.955508
-0.591411
0.769886
0.912000
0.873464
0.063769
-0.868097
-0.931842
-0.309489
0.082987
-0.266257
0.420458
0.116072
0.996015
0.019643
0.662472
-0.860004
-0.999502
-0.975654
0.719285
-0.459904
0.483705
-0.901964
-0.371744
-0.248312
-0.174854
0.407655
0.434142
0.975379
0.485480
-0.261808
0.128003
0.723579
0.672937
-0.882789
0.872327
0.271493
0.834334
-0.887756
0.236697
-0.999963
0.473204
-0.007797
-0.997084
-0.185023
0.666457
0.316173
-0.810296
0.603740
0.898624
0.409280
0.626943
0.633961
-0.931100
0.461863
-0.964580
-0.376474
-0.936760
-0.020754
0.636371
0.930615
-0.588648
-0.770022
-0.869928
-0.918743
0.326207
-0.489429
0.475053
-0.243854
0.198848
0.755956
0.290202
0.327687
-0.425457
0.792242
-0.989487
0.613752
-0.456509
0.987708
-0.928111
-0.325147
0.685998
0.627108
-0.234629
-0.876536
-0.932782
-0.705370
0.481106
0.647077
-0.992316
0.904311
0.270905
0.890595
0.626024
0.834465
0.941117
0.112673
-0.285603
-0.414649
-0.565531
0.850308
-0.747556
-0.802228
0.712751
0.554785
0.494392
-0.718078
0.986637
-0.000217
-0.201146
1.000000
0.957790
-0.718899
0.562435
0.960106
0.071074
-0.672510
0.384323
0.426046
-0.940987
0.253032
-0.848172
-0.309422
-0.925410
0.999714
0.079043
0.547484
0.446621
-0.617364
-0.660202
0.868577
0.690639
-0.367275
0.232342
0.147633
-0.992780
0.850608
0.853924
0.457519
0.645207
-0.894242
-0.998431
0.092273
-0.644864
0.969069
-0.884544
-0.920847
-0.943350
-0.327917
0.808712
-0.978890
0.999194
0.019973
-0.115964
-0.150966
0.391411
-0.855314
-0.824380
0.707259
0.970318
0.336365
-0.875431
0.999993
0.299771
0.510559
-0.156798
0.632088
-0.684863
-0.768285
-0.895301
0.227378
-0.994457
0.465450
-0.532031
0.074506
0.488190
-0.152115
-0.910527
0.332836
-0.998896
0.867360
0.999571
0.889381
-0.207890
-0.742360
0.900489
-0.991320
0.170766
0.196135
0.623198
0.478796
0.960496
0.564438
0.347820
-0.158386
0.243183
-0.648274
-0.140541
-0.436574
-0.953513
0.163969
-0.230817
0.990155
0.850025
-0.185055
-0.271619
-0.206922
0.361916
-0.536408
-0.618520
0.629977
0.707704
0.981101
0.273610
0.681970
0.759000
0.766110
-0.431466
0.529776
-0.725615
0.268671
-0.254301
-0.759782
0.520140
0.833003
0.862369
-0.237135
0.614209
0.546019
-0.787681
0.813073
-0.587922
0.440374
-0.493236
-0.235320
0.816425
-0.618457
-0.072671
0.914816
-0.997895
0.962117
-0.187422
-0.956770
-0.104474
-0.968334
-0.911583
0.973032
-0.910088
-0.300777
-0.288498
-0.981170
-0.835408
-0.971433
0.900510
0.445813
-0.370760
0.157970
-0.619005
0.794159
-0.813232
-0.882474
0.994486
0.999684
0.659114
-0.292237
-0.198430
0.815274
0.744137
0.251863
0.991303
0.550466
0.545414
-0.210958
-0.796006
-0.201528
0.889372
0.223343
0.891624
0.801191
-0.813395
0.337986
-0.598050
-0.887124
0.960260
-0.982492
-0.413402
0.991658
-0.484267
0.887665
-0.361995
0.847513
-0.178179
-0.530487
0.649238
-0.094367
-0.136577
0.484966
-0.933204
0.139676
0.364991
0.071254
0.911353
-0.020834
0.046987
-0.644306
0.361284
-0.020446
0.422689
-0.510508
-0.602801
0.069536
-0.196018
0.995196
0.337266
0.486915
0.516103
0.480640
-0.843575
-0.706823
-0.898252
0.333105
0.895415
0.474515
-0.196979
-0.275621
-0.179971
-0.038808
0.896750
-0.575557
0.109105
-0.208888
0.998131
-0.990559
0.971030
-0.524907
0.714321
0.553460
-0.849821
0.625649
0.567408
-0.848888
0.921382
0.017424
-0.776244
0.978570
-0.439514
-0.650861
-0.868068
0.814805
-0.990721
-0.702017
0.304909
0.187708
0.482750
0.609122
0.214385
0.985858
0.992021
0.514011
0.687379
-0.992898
0.816574
0.262585
0.337175
-0.999226
0.260794
0.253690
0.746409
0.987279
0.660493
0.965358
0.868993
0.813539
-0.375825
0.295003
0.005954
0.880124
0.971191
-0.793230
0.394536
0.995658
-0.982933
0.997684
0.381019
-0.634358
-0.147485
-0.450680
-0.405255
-0.576775
-0.268577
0.448315
0.941590
-0.631802
0.274130
-0.991818
0.558919
0.585661
0.997935
0.872839
-0.001187
-0.481368
0.708143
0.961718
0.583096
-0.975130
-0.315729
-0.998445
-0.576834
0.998550
0.924053
-0.982027
0.647861
-0.669277
0.205283
-0.659353
-0.798384
0.342649
-0.979295
0.078229
0.138502
-0.921644
-0.991931
0.997189
-0.762719
-0.361527
-0.737496
-0.974166
-0.283131
0.962684
-0.293750
-0.482963
-0.919955
-0.986300
-0.631571
0.996074
0.788904
0.373392
0.961914
-0.988181
0.434997
-0.149910
0.971619
-0.245258
0.611294
0.305968
-0.882836
-0.520595
-0.934128
0.707865
0.797025
0.412760
0.494746
0.631567
-0.984436
-0.868995
-0.954556
-0.503837
0.735379
-0.783722
-0.399212
0.426713
0.193995
0.998738
-0.151490
-0.620990
0.982564
-0.406013
-0.689737
-0.195647
-0.811874
0.750952
0.805289
0.992836
0.422002
0.000027
0.443284
-0.998401
0.994481
-0.232644
0.967275
-0.566636
0.493816
0.176338
-0.605821
-0.541514
0.002225
0.954942
0.559925
-0.528782
0.925446
-0.194215
0.989330
-0.561070
0.936951
0.697751
-0.709448
0.998124
0.392375
-0.332766
0.220466
0.990657
0.303691
-0.616709
0.772858
0.535646
0.999417
-0.390871
0.843690
-0.018054
-0.770406
-0.825466
0.274234
0.597632
-0.216634
-0.962737
0.204218
-0.948933
0.421390
0.450962
-0.998795
0.758685
0.623886
-0.349856
0.779308
0.083794
-0.512821
-0.484232
0.963572
-0.618402
-0.950529
-0.456587
-0.183905
0.360264
-0.042562
-0.965638
-0.972346
0.231484
0.504428
-0.030423
0.145259
0.045835
0.585769
-0.914959
0.684525
0.995135
0.148017
0.962535
-0.748678
-0.547787
-0.175462
-0.003857
0.997273
-0.300231
-0.760943
-0.942962
-0.844380
0.278685
0.132190
0.780873
-0.451412
-0.095571
-0.778621
0.784247
-0.046191
0.022883
-0.173641
-0.011815
-0.706243
-0.763726
0.844405
-0.236979
-0.169288
0.440147
-0.995542
0.979938
0.999345
-0.657509
-0.980701
0.164060
-0.963662
0.956847
-0.737173
0.587010
0.886841
-0.825629
-0.687779
0.274303
0.509668
0.358018
0.704178
-0.528375
0.733599
-0.324088
0.243500
0.513658
-0.770251
-0.175177
0.851888
0.142497
0.848938
0.216339
0.380339
0.934175
-0.011237
0.251621
-0.977329
0.993389
0.971139
-0.934202
0.912340
0.857856
0.743349
-0.782714
0.428979
-0.083580
-0.119549
0.974692
0.936166
0.388160
0.320637
-0.992077
-0.156529
-0.627149
-0.775854
0.998823
0.472623
-0.256332
-0.454791
-0.724720
0.949451
0.910036
0.999678
-0.079135
0.894034
0.902900
-0.993938
0.209882
-0.933193
-0.343175
-0.197851
-0.924833
0.749233
-0.713582
-0.725283
-0.991149
-0.846281
0.398171
-0.991769
-0.966173
-0.932803
-0.968206
0.463944
-0.936056
0.936004
-0.386142
0.413538
-0.959335
0.447782
0.999892
-0.862923
0.150588
0.159044
-0.298917
-0.615638
-0.827386
-0.843146
0.144376
0.648006
-0.926042
0.996515
0.655198
0.812386
0.985778
0.059320
0.074164
-0.929931
-0.865810
0.993478
-0.259279
0.976894
0.701488
0.994051
-0.388541
0.569856
-0.627054
-0.919791
0.983456
-0.365915
-0.181034
0.262297
0.999314
0.072020
-0.074945
-0.607250
0.353536
-0.867621
0.481841
0.239029
-0.479485
-0.929704
-0.572585
0.879700
-0.925668
-0.209511
0.838009
-0.988992
0.185066
0.146881
-0.180461
0.964537
-0.481482
-0.605939
0.100532
-0.709984
0.398575
-0.985722
0.999386
0.788971
0.854085
0.744733
0.910272
-0.853564
-0.998852
0.443440
-0.225421
0.592779
0.532027
0.069602
0.984943
-0.998631
-0.743176
0.642344
0.871263
-0.966390
-0.970721
-0.112576
0.399829
-0.880415
0.992057
-0.989709
-0.981523
-0.940315
0.908529
-0.553922
-0.384649
0.387866
0.948929
0.840531
-0.473187
-0.026274
0.443951
-0.121387
0.838188
-0.221124
0.814619
0.203835
-0.233509
0.402828
-0.117982
0.064031
-0.805362
0.029031
-0.970748
0.954346
-0.693456
0.631245
0.968275
-0.151470
-0.360949
0.965496
0.181955
0.786742
-0.416066
-0.953021
-0.678550
-0.883301
0.013184
-0.841037
0.295856
0.838499
-0.326639
0.040104
0.805668
-0.963128
-0.174312
-0.955378
-0.293998
0.069856
0.701445
-0.847760
0.900831
0.861852
0.144634
-0.223143
0.944986
-0.892883
0.386990
0.059976
0.586402
-0.284186
-0.516086
0.183165
0.988380
0.615463
-0.647192
-0.130948
-0.894136
-0.998924
0.514457
0.075222
0.969639
0.811212
0.534002
-0.635887
-0.955635
-0.734010
-0.024403
0.745532
0.183165
0.981174
-0.240397
0.179524
0.416455
-0.970201
-0.518833
0.999436
0.842496
-0.727813
0.517102
-0.314505
-0.851776
0.097199
0.999920
0.888662
-0.986081
-0.403169
0.736081
-0.982204
0.600405
0.963487
0.795355
0.135870
0.996361
0.559583
0.313253
0.002735
-0.729717
-0.819154
0.779339
-0.692730
0.574115
-0.970676
0.689452
0.087919
-0.818260
0.149326
-0.134447
0.856567
-0.957506
0.619044
-0.996138
0.473758
0.314115
0.688503
0.501077
-0.504813
0.259556
-0.684208
0.907259
0.947038
0.304366
0.324471
-0.609324
0.737211
0.952825
0.052890
0.538701
-0.366008
0.999632
-0.863176
-0.996953
0.418901
-0.949257
-0.835157
0.853919
0.580769
0.800692
0.993624
0.990599
0.025154
0.321083
0.798533
-0.778503
0.820401
0.267940
0.987234
0.106242
0.411740
0.429886
0.170813
0.417864
0.375703
-0.831524
-0.528351
-0.325582
0.987420
0.994306
-0.545341
0.276997
-0.110579
-0.024353
-0.097353
0.571978
0.035291
-0.858119
0.394511
-0.992235
-0.380582
-0.504400
0.730909
0.517413
-0.973676
0.801352
0.670736
0.997469
-0.894328
-0.988580
-0.978237
-0.933681
0.655331
-0.597905
0.891814
0.801490
-0.681183
0.993125
-0.726267
0.997860
0.545975
0.977481
0.553362
-0.199811
0.214886
0.124739
0.997870
-0.817764
0.313394
0.896233
0.444248
0.974717
0.137535
-0.995247
-0.989342
-0.856277
0.999999
0.153298
-0.023155
-0.708201
0.112782
-0.871178
0.980436
0.976772
0.530326
0.353697
0.080912
-0.238079
0.769968
0.523433
-0.735285
0.306899
0.030761
-0.193703
-0.094275
0.996037
0.887002
0.221844
0.311275
0.642905
-0.405346
0.248190
0.980616
0.488679
-0.482043
0.985464
0.613711
-0.295183
0.246573
-0.712185
-0.089306
0.999966
0.946229
0.138773
-0.990166
-0.007867
-0.347380
0.745023
0.991823
0.991638
0.993275
-0.111811
0.096385
-0.980195
0.506233
-0.198284
0.999211
-0.222429
0.486643
-0.999999
-0.435628
-0.951108
0.648333
0.831506
-0.931595
1.000000
0.896046
0.528519
0.289759
-0.802632
0.238309
-0.993112
-0.174519
0.862536
-0.996166
0.706301
0.038464
0.498418
0.985018
0.644143
-0.297055
0.790998
-0.795514
0.653593
-0.999257
-0.179182
0.428546
-0.911122
-0.399652
0.610580
0.429984
0.707464
0.399613
0.455082
0.774062
-0.489719
-0.944528
0.136775
0.588565
0.308221
0.907521
0.975422
0.466100
0.973274
0.762599
0.054965
0.218605
0.451180
-0.144369
0.569027
0.481734
0.873726
-0.541983
-0.986986
-0.994332
-0.991657
-0.661604
0.690462
-0.220947
0.157920
-0.824057
-0.112638
0.588704
0.970335
-0.767387
-0.984037
-0.170281
0.480007
0.596055
0.999759
0.993598
0.841126
-0.312209
0.789248
0.424863
-0.801857
-0.320716
0.177525
-0.412655
0.960160
-0.290833
-0.279898
0.654714
-0.367645
0.021635
0.355973
-0.659201
-0.598851
0.718507
0.969239
0.305290
0.407136
-0.740420
0.999684
-0.288888
0.914545
0.878605
-0.262368
-0.419639
-0.954454
-0.163656
0.999578
-0.882007
-0.883708
0.645727
0.513503
0.964626
0.402627
-0.198920
0.762176
-0.189061
0.993147
-0.869967
-0.676432
-0.996623
-0.411104
-0.969290
0.229198
0.993761
-0.427129
0.740069
-0.421372
0.887316
0.924275
-0.148188
-0.508219
0.142478
0.975164
0.993540
-0.600573
-0.901479
0.975885
0.783456
0.336119
0.139696
0.042160
-0.964450
-0.777303
-0.927529
0.853518
-0.355097
-0.751767
-0.808270
-0.600387
-0.961284
-0.925213
0.072112
0.994751
0.514113
-0.298067
-0.993110
0.139249
-0.614039
0.207973
0.400594
-0.528504
0.163231
-0.868147
-0.471629
0.949839
-0.748306
-0.244986
-0.997957
0.391218
0.091448
-0.163015
-0.747423
0.383816
-0.553171
-0.673037
-0.965786
-0.781713
-0.985033
-0.530523
-0.988158
-0.745815
0.159407
0.482628
-0.978481
-0.064503
0.321539
0.043761
0.195931
-0.313045
0.165409
0.580534
0.430644
0.291529
0.997016
0.224553
-0.937927
-0.339594
0.145634
0.123985
0.407105
0.970008
0.137300
-0.978503
0.966381
0.795931
0.999890
0.693912
0.658175
0.612038
0.441377
0.457030
0.775081
-0.978089
0.076789
-0.186312
0.292619
0.221951
0.851800
0.630659
-0.378391
-0.996278
-0.999938
-0.982404
0.528517
0.365104
0.912385
0.240946
0.972172
0.999573
-0.999942
-0.994804
0.811762
-0.531275
0.674729
0.939473
-0.370675
0.936919
0.773572
-0.814233
0.899504
0.822703
-0.932638
-0.868608
0.855570
0.615929
0.877268
0.292741
-0.973831
0.411432
0.149418
0.649354
-0.186055
-0.796326
-0.841960
-0.830973
-0.044031
0.939367
0.612781
-0.972115
0.623217
-0.424235
-0.160538
-0.616914
-0.968138
0.939103
0.979618
0.393520
0.649683
0.087094
0.865162
-0.709575
-0.730248
0.972699
-0.662660
-0.933952
0.517806
-0.851005
0.478051
-0.997890
0.145603
0.739858
-0.989724
0.310192
0.950257
0.587976
0.548384
-0.912432
0.912056
0.579027
-0.944493
-0.980118
0.095175
-0.251757
-0.107567
0.896914
-0.999515
0.995115
0.067872
0.027219
0.579131
0.359316
0.506131
-0.771843
-0.110718
-0.627585
0.201290
-0.704464
-0.905601
0.554033
-0.186517
-0.028543
-0.351354
0.457761
-0.611264
0.639959
0.859194
0.424678
0.605739
0.801011
-0.169456
-0.582170
0.364406
-0.282882
-0.666652
0.002825
-0.717555
0.119129
0.989768
0.992125
0.139611
0.841348
-0.413930
-0.949059
-0.729175
0.186294
0.160330
-0.692102
0.911991
0.691918
0.953098
-0.853265
-0.850838
0.933363
0.089636
-0.377521
0.035115
-0.980933
-0.418602
0.147247
-0.790604
-0.966805
-0.574805
-0.977747
0.439287
0.100763
0.949042
0.911494
0.971366
0.038343
-0.046119
0.924339
-0.347897
0.624653
0.175432
0.726182
-0.612245
0.568996
0.999917
-0.746966
0.950167
0.831783
0.041471
0.568139
0.957082
-0.307864
0.616605
-0.999885
-0.279310
0.974661
0.841498
0.748110
0.658002
-0.993324
-0.354319
0.809789
0.212512
0.550805
-0.753591
0.999008
-0.017706
-0.164516
-0.790782
0.102373
0.999020
-0.639544
-0.305825
-0.997866
0.700411
-0.305045
-0.996394
-0.253423
0.851621
-0.682103
-0.975208
-0.996725
-0.572741
-0.999352
-0.300155
0.537403
0.881132
-0.184040
-0.422052
0.573729
0.801714
0.829640
-0.998368
0.973359
0.264075
-0.808063
0.449821
0.821736
-0.981197
0.651820
-0.998800
-0.509588
0.653295
0.681794
-0.972756
0.966918
0.948906
-0.994082
0.598768
0.637788
0.545824
-0.994060
0.930759
0.992070
0.107278
0.601801
0.476828
-0.763759
-0.971898
0.618965
0.178156
0.131324
0.847942
0.272565
-0.551537
0.973809
0.999223
-0.408204
0.652071
-0.302608
0.655351
-0.211789
-0.632888
0.847619
0.316249
0.397557
0.784297
0.848028
-0.638192
-0.605811
0.399840
0.712183
0.255374
0.279463
0.552687
0.169630
0.977065
0.952302
0.224226
0.571658
0.652050
0.738095
-0.594776
0.460690
0.198750
-0.701306
0.515430
0.909816
0.437687
-0.977543
-0.977612
0.152080
0.276637
0.499745
0.480647
0.789868
0.704084
-0.043663
-0.406249
-0.140630
-0.886111
-0.441821
-0.937451
0.888286
-0.925871
-0.924692
0.996909
-0.977826
-0.135745
0.612109
-0.443390
0.220029
-0.734777
-0.880662
-0.025764
-0.416430
-0.999546
0.528267
0.874208
-0.750240
-0.294398
0.082569
-0.253394
0.507950
0.967437
-0.063772
-0.973449
0.476047
0.981128
0.908363
0.491353
-0.948740
-0.578988
-0.632384
-0.867505
-0.247091
0.012842
0.828790
-0.970702
-0.553271
0.978455
-0.792352
-0.352869
0.275966
0.838090
0.083348
0.956103
-0.504754
0.776456
0.157178
0.019894
-0.786719
-0.053640
0.554800
0.532341
-0.433493
0.375858
-0.546120
-0.634488
-0.912591
0.591263
0.224602
-0.474825
0.602632
-0.146427
0.586281
0.789595
0.958468
-0.126069
0.170082
-0.859999
-0.980723
0.984119
0.290314
0.851584
-0.921505
-0.663289
-0.965671
0.423090
0.498424
-0.667492
0.969274
-0.907227
-0.347952
-0.995349
-0.720980
-0.868762
-0.344886
0.328356
-0.997832
-0.780726
-0.403506
-0.999959
-0.836161
0.696008
-0.934006
0.906767
-0.363412
0.418356
0.919408
0.100570
-0.145299
-0.469960
0.975698
0.015354
-0.624753
-0.985285
-0.345410
0.849401
-0.984950
0.504914
0.864181
-0.271448
0.000648
-0.683894
0.792507
-0.986392
0.656112
0.999994
0.642235
-0.220491
-0.847785
-0.873116
-0.787520
-0.832284
0.998805
0.603693
0.861044
-0.852394
0.865858
-0.016217
-0.038456
-0.750096
-0.445253
0.230493
0.531942
0.982577
0.770728
0.800182
0.913164
-0.390024
0.295945
0.876663
-0.733208
0.287333
-0.855458
-0.023325
0.563152
0.967530
0.492391
0.250456
-0.547217
-0.994810
-0.968035
0.834168
-0.122060
0.822378
0.611704
-0.834573
-0.889567
0.291249
0.345407
0.978655
-0.464276
0.998836
-0.986520
-0.756755
0.494475
-0.186183
0.902816
-0.669247
-0.476604
-0.821311
0.435896
0.242260
0.054985
-0.087673
0.919843
-0.860962
0.950977
-0.708519
-0.392416
0.970821
0.249972
-0.920085
0.303981
-0.854370
0.388601
-0.996173
-0.674389
0.259753
0.026172
-0.769166
0.403844
0.405188
-0.995769
-0.444152
0.515786
0.631329
-0.491836
-0.660217
0.731134
0.973833
0.172012
0.447649
0.434301
0.876047
-0.996662
0.995911
0.933051
0.210888
0.932989
-0.415595
0.241413
0.215313
0.153199
0.986666
0.426315
0.526886
-0.713533
-0.911068
0.987526
-0.435610
-0.857523
-0.245471
-0.145994
-0.811319
-0.927574
0.204855
0.550592
0.060196
-0.924277
0.548966
0.905498
-0.979310
-0.985662
-0.432188
0.108378
-0.930698
-0.719455
0.059782
-0.937152
-0.997137
0.957082
-0.422016
0.649171
0.998838
0.997992
-0.992109
-0.908005
-0.355265
0.022189
0.923529
-0.691828
0.590124
0.194309
0.021631
0.085686
0.573363
0.543956
-0.346639
0.078580
-0.221376
0.406093
0.467247
0.999997
0.603836
-0.451341
0.955557
0.554269
-0.262592
0.184158
-0.952355
0.832621
-0.612505
0.806730
-0.764153
0.939754
-0.619963
0.343539
0.554402
-0.188334
0.077179
-0.294486
-0.999791
-0.784660
0.116955
-0.028324
0.573289
-0.730323
0.654593
0.403787
0.496077
0.999725
-0.781200
0.999693
0.399815
-0.337272
0.299868
0.883208
-0.054480
-0.380794
0.522529
0.211271
0.704649
0.273945
-0.981932
-0.633128
0.459341
-0.084116
-0.902959
0.350987
0.573576
-0.934335
-0.352777
-0.938889
-0.978795
-0.799652
-0.043861
-0.783524
-0.959940
-0.570034
0.912332
0.580752
0.947412
0.552735
-0.340563
-0.611019
0.961887
-0.332759
0.011862
-0.151690
-0.836217
-0.674750
-0.991261
0.619203
0.996365
-0.958805
0.114365
0.975080
0.740768
0.112736
0.976817
-0.237175
-0.045490
-0.999945
-0.904577
-0.162551
-0.035118
-0.811870
-0.661673
0.019079
-0.572552
0.995216
0.095805
-0.812523
0.993908
-0.952796
-0.671110
-0.389407
0.718444
0.326882
0.205136
0.010584
0.726966
-0.623394
-0.155215
-0.874777
0.237717
0.994234
-0.555918
0.929536
0.983658
-0.614921
-0.692231
0.948076
0.620212
-0.999338
0.415259
0.937554
-0.346988
-0.775752
0.497756
0.321691
0.924477
-0.875557
-0.369922
0.746767
-0.297141
0.671694
-0.980259
-0.748593
0.337531
-0.984500
0.858660
0.399254
-0.289711
0.989522
-0.884101
0.069072
0.514483
0.013202
0.940185
0.821091
0.241697
0.364617
0.663716
-0.825720
-0.147339
0.108440
-0.132673
-0.000767
-0.649339
0.665597
-0.955779
-0.885331
-0.666159
0.302136
0.111286
-0.847329
-0.997725
0.030848
-0.149770
0.537656
-0.232731
0.541218
0.180115
-0.472703
-0.749022
0.907285
-0.664435
-0.229190
-0.974211
0.174999
0.943342
-0.839182
-0.506944
-0.239118
-0.974181
0.999933
-0.762000
-0.944357
0.939514
0.722474
-0.390687
-0.999408
0.360908
-0.644208
-0.947325
-0.999199
0.725839
-0.908878
0.496318
0.004033
-0.997383
0.950185
0.042470
0.507443
-0.771194
0.760279
0.723077
-0.867158
-0.933084
-0.726734
-0.821306
-0.634008
0.638220
0.252521
-0.211222
0.227690
0.003343
0.258872
-0.987968
-0.960890
-0.931827
0.789129
0.031487
0.620455
0.079441
-0.200272
-0.676401
0.799794
0.688887
0.794013
0.774309
-0.818260
0.271298
-0.989975
0.932144
-0.017804
0.927044
-0.999488
-0.846410
0.506861
0.999991
-0.589894
-0.497327
0.903737
0.755432
0.373162
0.696978
-0.840338
0.365411
0.569556
0.174723
-0.878062
0.606573
0.805880
0.753158
-0.990365
0.083423
-0.554280
-0.636327
0.001521
-0.989558
0.898802
0.553820
0.956214
0.696977
0.485236
-0.562881
0.006263
0.124421
0.091116
-0.084196
-0.613636
0.988977
-0.998621
0.733184
0.432095
-0.913793
-0.961992
-0.653514
0.034160
0.238042
0.517884
0.298579
0.604561
-0.978126
-0.665301
-0.982791
0.559177
0.996793
-0.355581
0.590875
-0.750544
-0.811588
-0.342181
-0.156225
-0.872940
-0.059600
-0.865489
0.959649
0.624047
0.406188
0.901392
-0.950358
0.883532
0.709890
0.995491
0.358633
0.930235
-0.987568
-0.059971
0.322141
-0.375566
0.481086
0.175107
-0.531091
0.990210
-0.954239
-0.865715
-0.712991
0.786959
0.542898
-0.535403
0.372538
0.351369
0.205118
0.312320
-0.781463
-0.999144
-0.712037
0.345482
0.648022
-0.884675
0.472288
0.325116
0.600675
0.061012
-0.796889
0.629457
-0.995802
0.456033
0.158644
-0.473911
0.382594
0.713774
-0.102039
0.368033
0.248868
-0.136567
0.626360
0.632489
0.730394
0.936671
0.253428
-0.715259
0.666879
0.995048
0.010542
-0.986145
0.884669
0.038564
-0.921404
0.912543
-0.226707
-0.479764
-0.340433
0.095043
-0.613589
0.375257
-0.881886
-0.999517
0.311350
0.965942
0.430899
-0.930446
-0.998302
-0.471876
-0.235036
0.922610
0.916792
-0.113083
-0.479509
0.971503
0.029181
0.061626
0.391169
0.452712
0.142567
0.248337
0.354288
0.120479
0.625088
0.953167
-0.774836
-0.664226
0.949848
-0.233471
0.833980
0.423756
-0.984836
-0.742909
0.748974
-0.200715
0.948390
-0.888027
-0.679827
-0.729264
-0.946691
0.389054
0.429232
-0.703560
0.973763
0.972769
0.489404
-0.081704
-0.628068
0.346636
0.392913
-0.454256
0.712743
0.390353
-0.831918
-0.536121
0.549163
0.736173
-0.809886
0.232476
-0.967502
-0.983994
0.895402
-0.025485
0.908704
-0.662317
0.435703
0.231484
0.540576
0.962976
-0.264587
0.012266
-0.017127
0.579305
-0.479502
-0.998936
0.988796
-0.955599
-0.895604
-0.701591
0.273524
0.993549
-0.916090
-0.379527
0.990904
-0.807669
0.604073
-0.999990
0.877963
-0.102923
0.440542
-0.932270
-0.977916
0.495504
-0.966695
0.236738
-0.285957
-0.924765
0.864437
-0.958040
0.035125
-0.874822
0.986014
0.082628
0.643439
-0.957940
0.919357
0.769190
0.082571
0.233954
0.507986
0.926018
-0.375638
0.645840
0.948362
-0.491227
-0.214154
-0.947443
0.672871
-0.536543
0.863995
-0.857385
0.320202
0.508931
0.534245
0.892974
-0.344633
-0.861672
0.653010
-0.485065
0.114046
0.642375
0.369423
-0.416887
0.017822
0.903716
0.996386
0.897184
-0.597609
0.351645
-0.873022
-0.858233
0.618382
0.983691
-0.976927
0.999955
0.888457
0.736589
0.042492
0.587717
0.747295
-0.679864
0.005785
-0.562549
0.244993
-0.995763
-0.641650
-0.919426
0.063538
-0.994121
0.396356
0.081213
-0.859149
0.984181
0.688840
-0.285499
0.691237
0.038923
-0.310898
0.108976
0.932274
-0.842062
0.837156
0.161244
-0.368333
0.995615
0.216417
0.997304
0.833480
-0.060339
0.508261
0.457538
0.092479
0.579514
-0.436455
-0.419466
0.988143
-0.807291
-0.581219
-0.830004
0.474150
0.590220
-0.486182
-0.035478
-0.906802
0.927931
-0.889910
0.989524
-0.957665
0.820481
-0.856302
0.573009
0.251505
0.648843
-0.974332
-0.951961
0.994523
0.494516
0.573142
0.656118
-0.987670
0.049259
0.792351
-0.044581
-0.292973
0.224542
-0.815258
0.578438
0.025971
0.568345
-0.818455
-0.380961
-0.583188
0.300546
-0.125781
0.753994
-0.881035
-0.639492
-0.233013
0.929267
0.348701
0.773184
0.725637
-0.434801
0.524319
0.447150
0.337516
-0.900352
-0.068414
0.562150
-0.888032
0.538784
-0.587969
-0.700163
-0.988182
0.453782
-0.577869
-0.948674
-0.323007
0.999883
0.991417
0.926782
0.479000
0.952512
0.415036
0.520138
-0.817218
-0.999977
-0.792096
-0.266447
0.521214
-0.752531
0.511812
0.216165
0.462875
0.008343
0.177912
0.496726
-0.165500
-0.958842
-0.977878
0.215030
-0.889887
0.609108
-0.352019
-0.999518
0.086410
-0.926535
-0.485930
0.899338
0.292968
-0.050234
0.934689
0.337371
0.995348
0.931575
0.732514
-0.975406
-0.344762
-0.598450
-0.469070
0.999994
0.592657
0.534531
0.351625
-0.989266
-0.666264
-0.907539
0.464821
-0.948379
0.930371
-0.808563
-0.064650
-0.881253
-0.015337
-0.745227
0.547584
0.988694
-0.152478
0.396905
0.081624
0.981795
-0.969919
0.212865
0.197512
0.561107
-0.950979
-0.632431
0.012434
-0.676755
0.922520
0.732954
0.974184
-0.872182
-0.917920
0.187750
-0.210970
0.672908
-0.961196
-0.412045
-0.999852
0.560739
0.962454
-0.292478
-0.921714
0.544550
-0.931191
-0.682222
-0.970065
-0.196638
0.961670
-0.708681
0.358723
0.180972
-0.383345
0.679098
-0.652976
0.917688
-0.074369
-0.997802
-0.999409
-0.071165
0.182201
-0.290888
0.978093
0.562193
0.261371
0.333240
-0.963723
0.904834
-0.447813
-0.628471
0.993523
-0.053679
0.546438
0.475326
0.998912
-0.233404
-0.843243
-0.206518
-0.162385
-0.843431
-0.976026
0.975224
0.457821
-0.735236
-0.999978
-0.091101
0.603780
0.653404
0.909908
-0.112181
-0.194292
-0.035890
0.878527
-0.916489
-0.997502
-0.990388
-0.917053
-0.937194
0.523671
0.983584
0.769453
0.273689
-0.932404
-0.786158
-0.524634
-0.070756
0.021983
-0.952242
-0.125168
0.928217
-0.875421
-0.938011
0.892529
-0.365291
0.563238
-0.445209
-0.603741
-0.965659
0.436057
-0.887931
-0.432907
0.407692
0.927695
-0.440293
0.986632
-0.407037
-0.208017
0.611260
0.155208
0.920996
-0.996479
0.552012
0.470127
0.350374
-0.252194
0.570684
0.999268
-0.964872
0.901477
-0.929290
-0.801575
0.932144
-0.073898
0.673381
0.936387
-0.193293
0.599939
-0.674558
0.792070
0.585206
-0.106284
0.957395
-0.242542
-0.969816
-0.314600
-0.444645
0.901344
0.545290
-0.999991
-0.113532
0.801540
-0.899318
-0.779417
0.470016
-0.445296
-0.327556
-0.999131
-0.653483
-0.014245
-0.958475
-0.720689
-0.926990
0.871667
0.921941
0.106291
0.961264
0.370590
0.023271
0.581463
-0.106036
-0.311304
-0.266293
-0.870976
-0.928654
0.578937
0.577687
0.983410
-0.545971
-0.989198
0.999150
-0.096646
0.454225
-0.013725
0.495148
-0.980902
-0.052723
-0.868336
0.197309
0.622615
-0.998205
-0.704066
0.382206
0.734373
-0.847578
-0.644697
0.940602
-0.693564
-0.911791
-0.286141
-0.952975
-0.986832
-0.477790
0.580396
-0.987621
0.951157
0.590126
-0.122152
0.602009
0.653542
0.283189
0.520326
0.465193
-0.917391
0.998685
0.720264
0.732949
0.943384
-0.985474
0.965488
-0.347051
0.379351
0.832796
0.143884
-0.861323
-0.063782
-0.999216
-0.396120
-0.211105
0.999737
0.203922
-0.020294
0.995041
0.944662
0.455928
-0.878960
-0.162995
-0.527755
0.510743
0.365550
-0.432007
-0.503390
-0.485878
0.868040
0.249090
0.134107
0.593535
-0.948829
0.183630
0.257624
0.680418
0.991739
-0.993232
0.326298
0.627162
-0.772010
-0.977877
-0.059562
0.350113
-0.519995
0.399778
0.283021
0.142309
-0.339133
0.958336
0.432654
0.999964
0.998856
-0.947629
0.374609
-0.377408
-0.846824
0.357477
-0.994104
-0.748639
0.998874
0.146889
0.623025
-0.390455
-0.486916
-0.118566
-0.791407
0.738999
0.722667
-0.655297
0.998810
-0.981842
0.986190
0.620237
0.861280
0.996774
0.477391
0.202597
-0.479658
-0.640459
0.108208
0.798454
-0.990010
0.708747
0.793691
-0.893746
-0.738550
0.572789
0.815367
0.228109
-0.194166
0.797622
0.332096
-0.948829
-0.164327
-0.819247
0.880734
-0.288151
0.814504
-0.008487
0.648706
0.857083
0.123436
0.779254
0.997458
-0.944961
-0.894327
0.988078
0.515707
0.221490
0.990580
0.897017
-0.961784
0.572165
0.331179
-0.397745
0.654060
-0.793059
0.394667
0.630895
0.946854
0.943086
-0.578116
0.492313
-0.526404
0.068990
-0.987120
0.999656
0.163525
-0.700735
0.924518
-0.938620
-0.349095
-0.966482
-0.361387
0.891642
0.234119
-0.808734
-0.981158
0.946054
-0.958463
-0.125950
-0.959925
-0.144312
-0.997503
-0.837365
0.494015
-0.869524
0.962195
0.939932
0.368655
-0.512108
-0.450357
0.980876
-0.660666
0.686787
-0.985318
0.441565
-0.168981
0.977123
0.405327
0.183896
0.417227
0.515921
0.147948
0.185305
-0.142629
-0.812272
0.992399
0.986332
0.087752
-0.095938
0.998058
-0.567985
-0.875373
0.177086
0.605945
0.117131
-0.140083
-0.272824
0.085149
0.942673
0.300105
0.810989
0.440185
0.754001
0.988200
0.965055
0.575903
-0.429923
0.637111
0.278722
-0.747284
-0.741053
0.281008
-0.451455
0.828936
-0.989532
0.930146
-0.924417
0.266688
0.541415
-0.993292
0.977730
-0.516609
-0.015667
-0.795054
-0.972619
-0.850643
0.921561
-0.621672
0.874537
-0.571633
0.226531
-0.851132
-0.500328
0.247648
-0.294426
0.543476
0.284431
-0.323946
0.285905
0.932112
-0.999942
-0.676123
-0.999795
-0.097789
-0.788161
0.978635
-0.985677
0.830649
0.763963
-0.025535
0.951812
-0.058452
-0.456482
0.766261
0.517212
0.901222
0.810106
-0.928022
0.139171
0.945478
0.506003
-0.771869
-0.716767
0.923144
0.087351
0.643732
0.714657
-0.469317
-0.008905
-0.673200
0.949130
0.619451
0.600707
0.579710
-0.958597
-0.788610
-0.401988
0.999888
-0.314887
0.666483
-0.240380
-0.531284
0.612821
-0.814604
0.399326
0.901032
-0.986869
0.442222
-0.832617
-0.752201
-0.932861
0.946913
0.736196
0.880361
0.580616
0.830582
-0.941633
0.415974
0.424538
-0.939746
0.957357
-0.696268
-0.966390
-0.971466
0.439285
0.598498
-0.075266
-0.401034
0.933513
0.133720
0.191415
0.041101
0.976892
-0.981378
0.649733
0.053389
0.933477
-0.733940
0.969723
-0.574330
0.190534
0.904618
-0.999840
-0.453793
-0.100058
0.889282
0.169619
0.997657
-0.179537
-0.489327
-0.951155
0.201594
0.863673
0.015714
-0.989325
0.860873
0.929402
-0.065917
-0.664779
0.459111
0.989865
0.652920
-0.604123
-0.176350
-0.865069
-0.970745
-0.987135
0.061216
0.651587
-0.347586
-0.783561
-0.776861
-0.413728
-0.715825
0.337286
0.280980
-0.782914
-0.960587
0.657098
0.139892
0.557079
-0.882347
0.200101
-0.972498
-0.335867
-0.512821
-0.494549
-0.320991
0.723282
-0.986722
-0.851178
0.952170
-0.046079
0.974489
0.561299
-0.556972
-0.790275
-0.111791
0.452204
-0.667724
-0.070210
-0.999977
-0.981385
0.027299
0.195309
0.600707
0.570073
0.104621
0.815135
0.003645
-0.999587
0.211620
0.600515
-0.523844
-0.784076
0.811560
0.831100
0.437173
-0.956572
0.963022
-0.139451
-0.181602
-0.208829
0.475157
-0.412909
0.419963
-0.570396
0.739180
-0.999231
-0.795915
0.812160
-0.765968
0.362505
-0.834969
0.650029
0.386980
0.593833
-0.423357
-0.711378
0.977605
-0.799052
-0.877194
0.013077
0.339864
0.524709
-0.971551
-0.551346
0.641293
-0.557273
0.986032
-0.977771
-0.959055
0.061110
-0.544427
-0.991591
-0.378195
-0.947465
0.930824
0.930326
0.151875
0.614920
0.487599
0.160369
-0.959225
0.013612
0.929045
0.338764
0.951839
0.870581
-0.787423
-0.820534
0.650097
-0.877433
-0.986761
-0.785416
0.351314
-0.504235
0.052926
0.811529
0.951033
0.074543
0.842491
-0.574315
-0.579093
0.309391
0.991820
-0.615362
0.018922
-0.518860
-0.854483
0.421932
-0.856817
0.832358
0.128639
-0.947356
0.578668
-0.749679
0.599691
0.391363
-0.146825
-0.814992
0.010792
0.359463
-0.472156
0.933417
-0.799587
-0.903773
0.460087
0.423979
0.995118
-0.444472
0.400376
0.249462
0.625391
-0.790151
-0.164220
0.292032
-0.583464
-0.843795
-0.786485
0.596070
0.939984
-0.640476
0.263747
-0.837846
0.343945
0.452266
-0.915346
-0.286745
0.996932
-0.890629
0.137677
-0.919406
-0.067404
0.538828
0.993298
0.537435
-0.979432
-0.968898
0.316961
0.464423
0.793557
0.814496
0.228876
-0.525393
0.873706
-0.954197
0.257559
0.444828
0.813936
0.647708
-0.999641
-0.807030
0.780079
0.371155
0.492965
-0.960080
-0.909531
-0.905916
-0.813065
-0.083729
0.993755
0.406367
-0.997236
0.550401
0.648264
-0.534603
0.999837
0.829112
0.145698
0.472397
0.821993
0.999905
-0.062187
0.564529
-0.977876
0.153879
0.225232
-0.086758
-0.518912
0.025332
-0.858950
0.930904
-0.964074
0.483960
-0.303101
-0.644109
0.723171
0.179576
-0.428767
0.042442
-0.281383
0.452932
-0.844471
0.546955
-0.017706
-0.270755
0.961010
0.894011
0.189165
0.290706
0.845990
0.992786
0.163103
0.881770
-0.452356
-0.070407
-0.875213
-0.860823
0.520001
0.463787
-0.297388
0.179054
0.894043
0.994168
0.252075
-0.435213
-0.545366
0.502791
-0.388281
-0.276334
0.984783
0.552665
0.202123
-0.834876
0.232721
-0.289836
-0.017104
-0.273803
0.178608
0.874299
-0.957391
0.188556
-0.013077
0.524794
-0.160411
-0.774874
0.323904
0.651010
0.260961
0.070686
-0.745527
-0.009665
-0.965697
0.819670
0.446173
0.555989
0.076259
-0.994255
0.279127
0.811281
0.902827
0.996708
0.611316
-0.809362
-0.933110
0.902897
0.695929
-0.114941
0.692200
0.819296
-0.760977
0.337738
-0.734137
-0.627593
0.246410
-0.967187
0.999889
-0.978102
0.402069
-0.171279
0.980319
-0.892053
-0.641074
-0.562226
0.580142
0.482288
0.971356
-0.535456
-0.984737
0.298540
0.483621
0.628773
-0.591798
-0.230963
-0.696736
-0.841695
0.225664
-0.086549
0.215522
-0.706080
0.999547
0.969330
0.862066
-0.554829
0.837081
-0.919107
0.392120
0.011542
0.973247
0.693561
0.937821
0.696065
0.065655
0.997963
0.973822
0.018554
-0.243485
-0.379400
0.861305
0.788129
-0.604061
0.999633
0.318506
-0.998979
0.412179
0.474939
0.947862
-0.893902
-0.147280
-0.212170
-0.893755
-0.920761
0.989456
-0.412546
0.514432
0.841580
-0.279523
0.874755
-0.041304
-0.949552
0.715069
0.220596
0.297712
-0.567005
-0.018036
0.936752
0.609773
0.114779
-0.736110
-0.783742
-0.177325
0.531478
0.760273
0.817869
0.104740
0.119241
0.539097
0.518644
0.745364
0.085309
-0.143587
0.590223
-0.767387
-0.976230
0.036896
-0.505333
0.331247
-0.748341
0.874440
0.690986
0.616872
-0.213548
0.997559
-0.990202
-0.441110
0.461435
-0.642623
-0.998570
0.325850
0.152507
-0.617513
0.123690
-0.883000
-0.506773
0.324956
-0.725374
-0.697783
0.975049
0.435069
-0.996505
-0.985698
-0.147456
-0.857951
0.223823
0.594453
0.532298
0.993023
0.959178
-0.060139
-0.044822
-0.917956
0.498940
0.999974
0.067747
-0.709159
0.980287
0.332879
-0.928887
0.392237
0.986465
0.593213
-0.994591
-0.857179
0.146157
-0.702330
0.582924
-0.830383
0.024930
0.704009
0.989231
0.962269
-0.442572
0.863586
-0.996877
-0.989513
0.133324
0.008855
0.962638
0.566167
0.253601
-0.930057
0.716157
-0.999858
0.240203
0.577916
-0.495966
0.369903
-0.999455
0.930366
0.957913
0.182219
0.615433
-0.944539
0.307867
0.373559
-0.846968
0.837703
-0.925236
0.772327
-0.159304
-0.653853
-0.573863
0.286156
0.905055
-0.834142
0.917596
0.261190
0.368061
0.534304
0.690466
0.608119
-0.402318
0.634367
0.297397
0.296900
-0.993933
0.415787
-0.742997
0.023453
0.993993
-0.715748
-0.992680
-0.864103
-0.638937
-0.838299
0.468847
-0.836792
0.797882
0.612449
-0.659616
0.189392
-0.173337
0.974740
0.893097
-0.569975
-0.760547
0.609446
-0.510105
0.997719
-0.995829
-0.602185
0.831622
0.769137
-0.312340
0.998057
0.903008
0.976721
-0.765255
0.900019
0.875207
-0.472200
0.850765
-0.137677
0.773010
-0.459069
0.674351
0.313489
-0.534104
-0.572790
-0.571455
0.017342
0.801179
-0.648845
-0.992324
-0.817349
-0.989131
0.847814
-0.027484
0.373718
-0.643068
0.362407
0.276291
-0.307386
-0.872871
0.740291
-0.914360
0.587675
-0.994950
-0.423772
0.992198
-0.824075
-0.345918
0.296364
0.200906
0.903099
0.982839
0.271712
-0.996873
0.474946
-0.983809
0.597490
-0.487747
0.897745
-0.877908
0.825232
-0.492759
0.564529
0.951607
-0.230136
-0.407174
-0.309641
0.334357
-0.678448
0.969134
-0.770336
0.791447
0.131441
-0.045192
-0.430744
0.929613
0.962430
-0.960345
-0.206166
0.686629
-0.696921
-0.589183
-0.972860
0.689624
0.583781
-0.919806
-0.634389
0.572174
-0.346575
-0.923162
-0.556739
0.997381
0.858487
0.469551
0.405497
-0.303780
0.312648
-0.126636
-0.388087
0.587264
0.501892
0.678709
-0.562664
0.458518
-0.996167
0.938993
-0.132863
0.193124
-0.655336
-0.719773
-0.735697
0.282795
0.444739
0.368591
-0.894001
0.334839
-0.972374
0.767920
0.906502
0.048302
0.127271
0.284565
0.836337
0.623173
-0.813123
-0.981881
0.972012
0.663055
-0.135123
0.468112
0.800352
0.787841
0.219530
-0.672586
0.965467
-0.999871
-0.129124
0.298235
0.766900
-0.115201
0.957547
0.564158
-0.794993
0.232583
0.525619
0.889884
0.665342
-0.553870
-0.584324
0.889195
-0.124513
-0.985371
-0.972761
-0.828540
0.521146
-0.865549
-0.086537
0.035857
0.348102
-0.998584
-0.972798
0.853857
0.447768
-0.975553
0.145336
-0.802662
-0.637089
-0.440870
0.959062
0.624554
-0.925342
-0.598875
0.987490
-0.999981
0.902350
-0.748288
0.401171
0.356167
0.608725
-0.934381
-0.517499
0.476654
-0.353374
-0.881842
0.051280
-0.753030
-0.983063
0.522640
0.619270
-0.621916
-0.252049
-0.914534
0.793515
0.880877
0.525032
-0.605668
-0.441945
-0.480544
0.533694
0.881789
-0.916853
-0.072035
0.491655
0.581246
0.992971
0.743362
-0.955575
-0.647604
-0.831114
-0.874749
-0.378074
0.219767
0.028771
0.575999
-0.650942
0.199954
0.648424
0.173554
-0.503932
-0.372958
0.953816
0.175708
0.517125
0.119091
-0.669018
-0.962534
0.822630
0.221968
-0.542859
-0.825550
0.855999
0.533975
0.372083
-0.732772
-0.461440
-0.541716
-0.150246
0.487887
-0.964519
0.340948
0.872259
0.520650
0.812792
0.474620
-0.842090
-0.964127
-0.417795
-0.336846
0.191843
-0.270110
-0.991438
0.315025
-0.208330
-0.289108
-0.930635
0.596188
-0.708004
-0.862068
-0.244474
0.363083
0.451852
-0.996450
-0.557072
0.935656
-0.184878
0.232048
-0.978549
-0.981758
0.816802
0.568388
0.024260
-0.974874
-0.567804
0.740949
-0.846767
-0.999989
0.981468
-0.572455
0.539163
-0.882431
0.072748
0.860464
-0.191034
0.222524
0.931447
0.932018
0.026761
0.978107
0.812072
0.238793
0.144230
-0.413484
-0.059572
0.602147
-0.334144
0.509553
-0.995341
-0.762460
-0.072412
0.155936
-0.239029
0.347705
0.824378
0.862859
0.984317
-0.974032
-0.575197
-0.208408
0.400684
-0.377398
-0.779831
-0.314839
0.573814
0.778042
0.523746
0.119953
0.972753
0.989774
0.831911
0.546696
-0.785068
0.868299
-0.999794
-0.884072
0.245411
0.812369
0.758353
0.996504
0.835269
0.942693
0.942436
0.742618
-0.735461
0.134711
0.147661
0.816262
-0.894761
-0.112159
0.510050
0.739480
0.667185
0.999920
0.580174
0.534728
-0.902197
-0.973559
-0.556224
-0.875575
0.441361
-0.012267
0.295370
0.255748
0.354898
0.214095
0.357007
-0.442583
-0.792346
-0.262320
-0.989641
-0.644659
0.299463
0.998410
0.503935
0.562472
0.886485
-0.931450
0.960864
0.223879
-0.457770
0.870311
0.155294
0.825486
0.103398
0.974018
0.616362
-0.125506
0.653635
0.217071
-0.874889
-0.465746
0.967929
-0.787440
0.457797
-0.958458
0.262474
-0.883577
0.808208
0.416073
-0.972909
0.899871
0.693839
0.667010
0.955918
0.102186
-0.955525
0.998341
0.858594
0.582356
-0.473268
-0.978021
0.720869
0.282198
-0.473293
0.956573
0.850225
-0.632888
0.778701
-0.393435
0.368680
-0.838180
0.274349
-0.993802
-0.043052
-0.517312
0.276541
0.999019
0.820897
0.719765
0.729266
0.997938
0.924019
-0.228462
0.471272
-0.976649
0.679083
-0.825212
0.762276
-0.953359
-0.971724
0.765530
0.662149
0.349702
0.992316
-0.983308
0.851668
0.615677
0.532620
0.654229
-0.990101
0.713985
-0.848998
0.676301
0.881511
0.876999
0.441352
-0.408461
0.999055
-0.242067
0.031260
0.631972
0.072968
-0.893009
-0.971547
0.744204
-0.967149
-0.792311
-0.008665
0.791263
-0.593874
0.998561
-0.996865
-0.924826
-0.472581
-0.783225
0.210027
0.086626
0.936769
0.505071
0.992383
0.053694
0.556224
0.772048
-0.519175
0.958291
0.538514
-0.761703
0.537093
0.709890
-0.851776
0.125560
-0.991888
-0.257291
-0.257291
