86.043129
96.765231
50.287374
43.582680
63.520390
59.135100
58.517519
46.356014
78.781978
65.651580
18.288576
38.324796
76.931268
30.271340
34.191227
89.362632
73.255239
44.462006
72.906721
76.117738
91.010769
41.044123
59.028807
48.294203
96.934204
50.724156
58.338666
31.802358
91.545945
60.866986
80.300062
56.863169
63.345008
97.557727
26.930615
96.985772
25.133603
83.326586
79.605339
78.252795
87.753291
68.116077
33.094410
87.314317
54.393014
71.811907
54.009351
78.458014
90.589900
84.233070
95.903441
42.804205
61.837206
85.598014
72.516964
55.332902
92.091693
89.881088
84.843267
56.854375
84.863773
40.125927
26.784249
85.257668
88.974322
37.006081
79.894743
43.200231
78.694091
41.073471
63.030707
45.091463
51.320171
75.142664
97.280008
36.447085
78.584350
41.220869
87.842302
85.905180
25.497961
83.736372
83.599701
51.850844
76.463978
78.367787
17.077236
38.185861
84.990117
47.548291
89.366325
79.796930
96.871823
97.429924
44.026696
88.757535
62.084459
47.112949
72.871394
95.823118
54.672205
83.268541
61.878510
55.938091
18.375990
73.006986
40.089650
43.079113
23.450714
52.620338
82.860304
62.980553
76.643134
85.116450
59.048116
25.533331
85.704726
49.634464
73.159620
81.329884
26.980363
67.049161
86.325720
88.778376
77.868800
7.704122
86.916627
92.483404
57.364623
82.885825
70.835161
34.070662
98.559272
44.914808
73.453523
28.313336
56.993947
66.145597
68.492481
73.541213
86.173778
86.212760
17.293178
78.760396
85.065681
91.562438
67.413426
25.658663
71.987360
83.207872
64.661039
29.004793
96.702534
93.155193
96.040512
63.256067
16.697096
75.345471
47.849033
11.930549
47.608508
65.011537
68.629003
5.168007
94.267386
52.036141
96.363115
85.241129
23.348126
45.564679
60.009083
59.335908
57.562922
99.514873
57.102890
57.028677
30.568660
71.970341
75.886824
91.103567
75.814642
65.726707
78.745857
92.970372
32.881454
39.802638
80.039615
36.470673
71.346058
44.761367
65.171159
63.652180
72.054008
91.073816
68.810319
93.546406
82.443860
84.180461
14.899027
28.761989
60.195432
99.801553
60.007166
98.096024
30.300330
25.932431
50.621537
92.356267
91.168470
67.886891
84.773640
68.738126
44.170578
33.321164
29.610792
79.704830
49.411942
70.830149
96.047124
73.344189
31.758778
42.880415
58.914175
71.847199
89.679373
92.073177
28.959593
73.014451
99.595783
63.027772
76.699478
48.451729
75.152645
68.342666
29.448141
70.066683
34.886387
71.343325
74.203841
53.767462
89.828503
91.862724
16.174610
83.713559
52.735093
9.884210
44.756899
86.756556
35.178687
96.672437
28.976905
46.694968
79.423107
95.470414
95.735678
40.066445
26.278870
80.960052
43.903189
73.133440
46.965945
53.642148
42.655246
99.372682
89.555569
73.879835
80.689838
88.348458
78.288569
42.638598
77.381652
94.372930
85.686930
35.639865
90.910945
80.108239
77.485547
96.996237
68.993261
49.605443
83.123101
84.659790
21.567336
88.170460
89.903949
78.778106
63.265868
33.486564
81.186822
99.675323
21.946868
73.156476
93.887113
12.972163
90.727559
82.040539
45.307836
36.584833
73.449506
31.267763
41.894152
91.381672
93.271807
68.273128
33.119028
71.753606
46.388037
78.630401
57.666888
35.155796
48.349767
98.576417
94.266431
98.695390
57.535728
85.372185
79.247208
4.053653
78.571942
94.375579
75.493907
92.928790
34.407703
87.262248
13.703722
78.848082
97.322711
31.528003
80.028557
39.855865
88.422339
75.962425
34.481154
51.491067
29.514115
16.875989
81.333327
11.635850
74.482884
12.708698
67.180205
54.205719
58.142067
78.256565
86.718798
34.006617
80.155037
46.741951
5.325589
81.726740
91.573086
85.731966
32.063063
90.724638
88.028575
89.284601
33.386374
62.585462
44.366091
44.758239
97.358102
82.230773
85.515613
90.457504
65.798404
68.768452
45.187277
89.586327
90.160634
55.667136
44.414525
66.111194
90.032328
67.008731
78.798858
95.119346
67.315080
89.150659
96.548071
83.455857
93.848175
85.109106
50.919348
82.762914
54.117834
58.132435
85.521693
75.193018
81.589950
54.205811
58.509743
83.373677
90.759683
67.521626
77.390568
45.619623
88.503446
82.812499
30.494885
97.298715
51.180270
68.063794
37.935867
86.179522
63.909389
81.694553
99.332623
64.725266
24.420524
55.293490
71.666310
41.195024
43.834119
59.338773
95.060244
74.802473
45.787990
81.084770
40.609482
83.036980
81.633143
36.543399
66.720836
95.672514
90.884817
81.678639
78.618573
45.764069
98.449733
96.433811
79.786402
35.003857
55.747108
42.063761
87.382779
63.028803
89.527538
33.664967
88.735619
92.117696
92.890796
50.291550
94.832431
92.577697
81.270843
96.526525
83.935690
92.862748
71.272856
80.778648
94.541367
47.035837
58.003190
70.530206
81.644044
34.374409
95.227412
16.541735
94.255769
76.432716
76.133501
92.844332
86.282733
57.575950
71.500070
41.687648
90.660245
36.815350
98.803492
45.346885
29.840777
78.456867
72.215303
96.986855
64.615478
44.634964
64.828157
67.507259
58.267058
24.515322
31.869578
20.322278
34.630911
81.929970
85.543030
84.334335
77.952742
99.819687
66.987685
94.296023
58.472045
52.514855
22.994369
80.951776
97.111637
35.942454
47.573102
87.520112
87.881739
62.317173
93.495134
74.954920
76.060699
49.223876
56.941900
68.196114
66.409111
41.476017
49.060575
57.978099
77.921499
89.766586
39.370928
45.441611
74.171086
34.157576
97.156214
82.265120
46.904691
79.196843
76.966746
51.846408
89.505810
75.957422
92.017716
96.395436
44.451209
95.298793
93.799627
64.557029
70.671706
48.506597
70.699717
94.777846
67.738911
2.335307
40.739416
67.353619
71.215799
99.083500
58.446899
57.918564
8.915627
77.209520
41.849970
77.812274
45.889323
52.477900
72.772247
80.363300
62.913194
57.177531
81.755917
91.992065
99.529694
53.768299
98.044684
40.456396
91.100549
81.077000
21.522662
73.607201
24.755626
3.848038
94.168254
93.943760
94.627692
81.679128
87.196617
88.158720
58.340381
66.139701
38.517528
69.769549
54.738378
92.967736
54.447589
71.130444
75.383951
99.321649
86.694925
40.262141
68.893033
15.568558
60.681546
87.401316
92.548960
85.003647
30.760283
51.925331
75.464495
63.669066
36.176788
79.046885
84.045345
90.590949
19.719508
74.566950
27.856687
46.318031
84.209323
45.196018
36.304545
43.684322
56.374108
57.937121
79.036131
91.585370
71.178227
6.662582
77.867580
83.341406
88.748239
78.024676
92.242723
77.974355
80.526517
73.492449
83.448307
86.765200
80.750418
46.584976
61.911308
37.836490
29.470205
82.255942
82.450045
63.821391
87.918314
44.213799
73.408583
99.691825
75.871075
89.891824
98.140104
79.683750
78.137443
66.699250
27.759881
40.666325
67.598743
32.639393
70.941314
63.265077
97.375767
68.455752
29.058355
40.311661
43.889862
74.990799
78.758873
56.814611
36.131427
35.760453
54.711059
91.877854
83.524128
16.758640
16.629281
87.733289
75.572680
92.923571
70.045485
37.104986
97.829086
43.739456
64.717231
55.762981
40.005375
91.566424
82.308930
58.690033
45.421581
69.987213
64.925188
78.563096
74.180119
61.500325
94.468037
96.139898
71.695676
49.471204
59.382236
75.058244
78.924267
37.704376
56.044179
99.525474
93.218131
80.024434
21.054097
10.767126
91.951944
76.694720
11.799110
99.258249
76.997597
50.263406
35.995833
82.354721
13.893920
66.591065
91.801307
24.915577
59.565762
51.602616
64.533402
61.202778
72.754313
51.687523
40.030988
53.262276
96.290965
60.277359
76.215878
97.744667
66.703898
35.737935
76.634327
67.010596
22.834929
61.140821
89.172585
70.693210
58.429445
95.380134
97.211728
90.140224
36.420736
62.781446
70.024282
37.577520
50.993725
64.772293
54.301013
84.562344
57.541550
92.183513
50.917286
57.403833
49.107026
10.497762
46.728364
93.583011
44.308803
81.761360
58.608276
30.042087
93.620350
97.059981
51.532417
50.496535
78.850618
78.658248
83.624936
59.592617
79.587625
93.523152
60.828529
88.441450
50.215934
33.942746
59.364636
23.931130
73.167274
73.232029
68.999638
85.259193
46.788353
55.762981
39.405076
85.552791
71.682285
16.285515
86.664006
37.904749
87.826875
43.428447
92.669197
38.762740
58.280014
77.441462
67.537471
43.626254
89.134112
98.790485
94.494920
67.376999
90.219898
53.254953
78.740269
62.913353
59.795652
61.299918
72.792857
82.980901
8.546005
86.520055
49.925444
47.704193
86.266100
70.684086
43.061700
73.317665
75.424134
40.918822
27.914262
78.249409
93.524756
93.985478
28.746791
94.553477
24.507897
69.998786
39.036265
31.246264
95.673560
41.080531
60.379715
59.428444
88.992247
71.442074
49.750678
97.752442
5.293600
31.123544
22.872188
48.688602
48.711190
96.376916
44.599776
37.377533
26.178999
92.203308
62.848150
76.664464
46.136211
67.730791
37.772344
96.777787
57.326783
62.205466
70.592776
70.441323
77.600966
16.813774
37.354384
40.907945
76.243557
18.890130
85.775346
77.107068
77.596972
99.283030
92.695146
47.620479
58.187971
76.106570
98.161652
85.684246
59.525625
48.186513
69.561340
72.905830
60.352630
92.439169
76.036504
23.730487
67.961460
86.694406
2.818278
59.099408
49.289147
36.104847
94.782330
94.273114
29.321818
11.806820
53.981756
78.371615
20.989402
66.334832
77.336408
37.495600
96.068309
62.305778
70.432095
64.053337
79.659149
15.415577
63.312558
24.377695
89.064359
30.201225
99.493266
30.925038
59.196622
76.348019
91.743937
60.580030
26.821950
35.189345
43.604243
74.818447
47.357787
64.250914
47.601576
56.554045
69.373410
81.038263
70.607719
19.837339
62.421070
81.837278
47.671795
74.233887
88.551793
27.264684
60.857292
81.449371
87.748504
21.501884
19.799343
92.642485
90.799890
85.477365
91.383642
69.522586
69.079085
40.694471
54.922400
88.424148
32.647205
60.021163
88.772068
85.497661
81.121206
31.134450
43.977949
76.033348
49.885770
75.943137
44.146914
77.976535
46.970523
6.877201
70.018355
86.409780
44.637988
94.085599
84.917784
76.477513
29.746798
45.259253
86.584179
94.839127
99.372380
83.267220
10.998682
56.176597
98.224895
77.913478
84.530704
58.073316
41.852957
15.599359
99.069016
71.877117
16.121445
90.310852
93.407708
32.824229
91.059596
33.256278
90.538058
96.787861
77.851975
77.332399
30.775753
93.305627
26.640120
88.639043
24.599167
15.392693
46.526981
56.072275
53.313507
32.878108
88.943015
88.487852
20.398039
55.356481
48.713756
59.695812
56.484777
56.993596
61.101555
85.306623
90.641216
59.402020
72.051995
58.789285
89.856719
59.504118
96.360988
19.498154
98.249631
88.574884
97.239498
94.457715
80.328015
92.943693
87.845888
88.856739
9.154627
92.449392
87.476683
7.706491
90.376214
84.673727
8.933359
35.789524
89.364534
31.499857
81.243461
68.155704
43.066692
51.806370
91.137917
32.191924
86.286731
69.459413
84.936800
6.065212
90.974062
97.519537
74.301548
82.521755
54.040633
55.098457
57.285949
72.330146
90.995934
79.054285
81.485397
79.416371
33.066146
79.424241
46.068210
95.589278
27.030427
99.680891
94.888672
89.122388
67.782815
99.581575
80.537196
65.569658
98.606846
98.650798
73.761372
50.723959
55.783420
99.566058
67.278154
66.339129
74.436819
69.383932
33.618150
70.838972
11.881751
52.430239
36.664561
59.070212
67.588535
89.256148
75.631475
89.501899
63.790125
28.095676
83.014758
67.935116
85.962783
83.692294
54.192343
95.033783
31.923816
92.010597
84.923554
48.025930
71.572830
81.854627
99.632976
92.626400
90.552968
68.590305
28.121824
40.035234
92.759690
58.430814
43.167580
94.077521
41.403985
45.195022
99.328898
40.603202
91.601201
61.296329
89.017807
38.194371
91.049657
25.286577
81.117692
37.597739
90.779238
65.960822
66.610960
54.346021
96.701706
77.558236
93.556774
97.543119
54.013054
54.176563
13.592277
71.368480
75.506556
28.218186
53.289962
93.727957
90.787664
99.936780
86.649466
95.305771
35.247128
18.552035
67.831851
41.014753
53.998796
83.665046
79.474965
86.652236
84.466384
27.238062
96.536988
30.403536
77.315587
84.727799
64.410946
91.617411
60.713343
49.510302
92.217840
94.404184
80.772458
45.126489
76.392801
56.768477
57.642172
56.525835
36.082960
49.557845
87.225971
62.865173
41.925410
48.783296
86.088791
36.090996
45.569068
20.843464
42.359651
86.211426
80.662259
54.690676
29.950609
80.806869
74.440043
55.105989
85.797203
95.298269
84.514969
93.080073
65.150825
97.488358
58.455539
18.882902
52.635064
54.435742
57.428303
97.986224
95.090536
49.781422
31.728851
99.851390
28.376240
56.412853
82.527026
87.065665
66.023253
54.286278
17.685022
80.985739
42.884030
93.451485
92.412175
44.146687
75.187565
53.607369
95.440086
42.170724
95.030679
34.643325
34.013968
69.099855
99.252103
73.120517
22.472494
88.041070
70.041916
54.120976
94.854573
95.312224
42.689811
97.371043
96.147283
94.319192
83.594378
87.732662
62.435327
81.183681
37.113744
22.073061
93.339756
88.476211
76.371002
85.493859
76.125226
86.186658
68.436029
73.809010
25.120549
76.961614
96.399689
76.324112
83.883133
20.505390
82.792270
67.602811
18.423436
68.416811
34.600000
26.746383
56.631970
55.686623
92.489729
55.122681
90.986867
92.686569
74.294549
96.530099
92.707335
15.900818
97.004330
33.337216
94.223139
49.731580
87.034246
49.252817
34.129166
82.674422
83.180707
90.598289
52.488665
65.201074
98.314597
49.923642
96.448380
60.044733
73.635793
38.680615
80.290971
93.352718
92.107329
80.597581
88.501186
14.894798
93.402302
64.484882
92.660995
77.229593
61.281726
88.466830
88.895050
66.772150
66.434705
94.566590
47.542823
96.076740
33.133367
32.280954
61.891033
96.160491
40.833565
60.257614
76.778447
77.731204
14.092196
87.806036
15.991404
89.259677
79.195076
34.679965
61.909046
81.588786
98.305392
44.260253
65.973631
52.741066
27.019530
5.874598
5.006106
34.659198
98.084657
58.847770
60.851376
66.270959
60.504793
86.632846
26.127706
58.433894
88.916703
95.795668
67.701994
76.219748
97.212293
6.032081
39.229453
72.146587
51.760120
88.565061
15.622612
44.947525
70.169865
67.380487
77.261180
76.616643
94.214967
81.994329
67.640003
70.048983
98.355224
82.011463
42.229847
54.338568
75.105992
82.478058
42.348554
40.336832
77.092412
89.682217
83.400360
55.621938
86.397512
80.213652
8.090012
99.950838
69.566012
78.856896
53.677183
70.622305
70.991831
67.709601
56.833177
82.353506
82.528480
41.165520
33.816268
97.738324
59.279929
40.497531
65.605716
95.640107
64.376782
66.959316
70.814617
47.390294
76.858832
60.344925
53.832054
70.089015
62.885451
67.697932
81.446301
96.363375
90.179987
42.169657
87.093628
78.553740
29.222183
45.775758
87.989943
59.874034
36.937786
37.921234
94.126033
71.771861
78.509044
53.670290
50.229473
63.342798
69.859144
57.187411
75.477016
76.433173
83.830066
28.801371
41.448160
59.726460
68.748673
78.787436
93.850147
59.699079
99.396831
92.713537
97.991224
74.464555
66.133577
89.135627
64.999769
95.549411
52.079747
74.558031
92.255461
74.521004
75.725227
81.414864
55.812095
60.642477
88.493842
90.985054
55.440058
89.196020
73.117577
56.428273
77.387467
64.276201
83.720786
56.531761
49.718608
76.275619
51.345107
92.700108
88.398643
72.867826
20.698527
24.571650
86.561423
53.192011
60.244253
94.164484
82.871406
70.701202
49.110182
72.385634
58.010947
6.480525
76.460643
87.521369
38.408853
66.441252
59.066488
84.130791
98.623121
60.386340
83.077313
95.836423
76.812043
53.305722
84.486094
82.245912
95.751449
47.681758
39.906516
75.064173
35.036695
41.883051
52.311184
40.057958
95.661225
44.476735
84.948396
56.991052
94.235185
26.358888
85.764445
67.688921
78.915018
82.853727
75.549388
97.620746
87.087198
85.530170
3.839414
88.052200
88.568617
27.504981
69.947838
39.352764
89.352280
65.194018
63.551318
98.363662
67.818950
47.963111
61.250469
59.154543
44.620623
52.401431
23.606334
76.444228
73.480065
79.734434
43.677912
60.658800
34.709509
91.056960
55.396480
82.346767
89.656623
99.470850
77.417763
54.775359
81.900916
85.891560
34.725639
84.157947
81.323305
52.111707
39.894361
96.742700
95.861775
87.145396
87.644794
69.575355
90.531486
96.982679
22.737106
93.921776
97.850192
35.770239
68.195894
63.063302
33.221830
98.246374
84.122886
86.053297
93.097154
87.353077
83.083452
80.282563
76.908712
50.983723
84.091379
90.929313
52.017593
82.597700
61.500813
99.462958
98.361171
80.068658
97.847994
64.243443
78.817701
94.557866
67.138886
98.270545
82.734817
68.860366
67.589052
94.995579
95.425625
73.496462
82.915680
91.096048
51.543283
35.829178
74.767239
59.453848
92.956495
88.499322
67.522737
92.214532
92.712405
77.734227
90.624445
49.040392
10.278765
75.514105
99.614105
73.549303
86.716377
64.240174
95.830684
86.512485
21.905890
71.739947
96.148167
43.309237
68.842937
64.801543
81.178199
80.035867
36.459018
29.035478
96.429612
52.561393
52.582697
19.624602
52.934488
65.154048
81.435189
93.951317
52.836067
95.943212
8.329208
77.445271
67.413797
38.804768
89.965994
62.191961
82.567124
94.221760
90.840960
51.661688
81.824935
90.642981
93.944505
35.803491
68.514962
84.083352
75.727802
55.247986
25.433796
45.629157
49.456445
94.627797
83.446570
51.452600
65.531901
80.417784
35.563183
80.446628
95.715882
88.665551
98.010102
87.536450
76.498431
68.696870
81.009567
81.914651
72.148527
85.243533
86.040165
27.342604
72.170700
33.351911
72.647092
26.469586
75.068302
40.887406
87.275942
21.974326
74.961257
41.251909
28.683445
88.239050
37.735925
56.043644
94.960518
83.922166
23.155043
34.239013
54.777002
98.615719
95.607636
98.619166
21.631505
66.079649
89.725860
93.286923
45.535041
91.284281
98.724313
96.112174
73.720147
16.304631
89.394687
39.763551
64.318271
88.298924
95.714367
53.726344
60.537674
66.868677
33.706824
72.400138
92.665959
37.260972
66.949160
46.121578
42.694496
78.402806
51.080427
55.327480
92.078119
78.793845
76.264999
73.697422
63.514408
28.670542
73.113884
64.942128
56.079854
84.343346
39.408502
42.094418
30.531279
82.469206
85.616587
93.279955
12.784483
83.543641
71.350893
60.055974
90.696472
42.826627
78.216814
54.932868
83.998393
75.416112
35.500423
39.481008
88.705806
97.479639
68.950852
65.219169
95.784968
15.462826
92.378244
81.331667
75.249385
95.241903
81.288191
82.400121
76.201968
61.857336
95.838562
52.508761
98.359443
27.220323
55.475039
56.421627
58.005603
98.656120
54.371960
82.301519
54.175363
89.897998
90.879206
97.154825
48.299275
87.337163
8.507373
80.082020
73.896143
83.534125
91.696238
81.019134
52.694212
87.139830
38.271007
81.885896
77.226226
71.089943
94.085121
75.371745
94.317814
49.883163
36.893224
78.576269
16.850519
46.711348
45.745273
29.676017
36.711306
34.014115
70.538004
71.488600
64.646578
97.300565
92.512378
58.297427
9.691703
93.091460
99.147315
77.731139
12.017987
86.419905
38.300131
64.096646
97.583708
77.492774
91.016372
94.408103
94.513597
62.322789
22.762733
91.762356
21.209903
28.204716
8.399202
75.338702
72.573136
13.842507
21.600509
42.936698
68.248663
70.979434
70.457718
69.238573
49.308214
53.194643
90.479335
26.272267
27.105018
88.303284
46.030533
28.190406
80.649861
96.898607
80.977898
25.287151
84.053078
13.400261
89.390044
87.900512
96.785226
86.458603
61.361226
41.042539
34.135172
61.152024
29.514607
27.916787
92.130017
82.678292
87.461592
75.652098
23.327216
75.415913
29.016599
29.393384
27.644963
68.210850
91.353051
29.749387
68.117766
70.142569
11.868066
85.320279
86.466294
79.157628
38.858976
94.395286
91.007362
36.755952
79.059788
35.904178
78.154015
89.573154
91.935521
71.985554
50.626969
88.895332
73.048066
49.298884
86.090418
78.186380
55.618342
28.315897
75.395159
90.236135
44.270306
97.133259
43.404032
53.465503
62.263472
80.147489
42.760028
15.537117
85.066033
96.914911
98.820393
90.467674
72.001319
24.908974
89.555346
69.945050
70.805296
99.922970
33.735145
86.134256
55.219109
84.321112
92.922441
36.702725
24.929701
73.362797
83.702748
48.000937
69.647398
81.546735
65.486411
79.720261
61.719527
54.665528
68.706040
88.290260
58.887435
47.120166
82.026581
60.060969
90.894224
73.284514
62.726629
96.201767
71.691073
37.833847
86.674968
57.986895
56.884532
69.975710
84.488046
47.494947
51.549879
52.420130
58.801275
42.032844
62.774676
24.681187
90.360666
99.638296
80.134262
78.808946
75.589020
9.115070
80.010124
45.288188
38.680615
80.914337
87.521026
21.356357
74.590013
92.540748
40.716213
52.696015
27.951154
27.421050
86.146329
89.006292
84.454662
86.587355
91.457203
29.342256
17.126558
99.087890
89.863508
64.457505
96.417789
65.957638
86.072469
64.245389
20.870386
26.034612
42.516350
32.059164
63.477319
41.078827
35.419204
69.219434
88.462026
61.066930
78.109474
30.908656
80.538376
86.207482
71.360073
75.167081
31.353517
44.769968
84.539577
92.629099
80.944302
95.923876
87.627507
62.053284
84.526800
47.734998
83.288475
98.484161
57.032184
87.219723
74.921826
49.117919
89.380311
91.772273
33.344415
83.133267
74.092780
77.393604
9.708404
64.129790
30.382479
66.738370
92.362005
78.561696
41.634601
62.194373
42.953347
93.556667
95.451873
97.538095
79.803697
87.163352
16.941724
63.055531
68.595991
61.533487
86.424996
78.292720
52.775184
34.724919
78.741984
91.425489
57.685873
89.231104
22.549368
76.944201
65.228291
96.239701
88.073265
16.303221
84.949632
81.910622
64.014295
47.546188
67.449166
39.343233
72.848542
57.333672
84.888397
44.172616
64.894299
93.697492
47.891753
93.791311
89.731377
72.345352
73.465638
28.048797
51.581489
86.545422
79.719257
34.602457
59.723613
94.869858
88.882732
87.919964
82.349621
77.834118
96.419448
99.394517
31.040683
62.859208
96.097711
93.621579
57.751450
72.294329
34.927926
61.971042
75.524367
77.452889
65.783129
29.803926
96.035670
91.612281
88.831357
64.827618
58.300343
76.173486
31.832688
28.216095
29.357418
72.385979
64.103978
73.072019
35.273503
39.090024
40.700123
29.398707
77.591945
82.137811
20.876398
70.000929
80.276647
9.955501
75.997039
98.041063
98.668891
73.224108
73.077219
64.343764
54.022680
18.059651
40.238787
56.885499
82.133367
90.565943
65.094931
84.244050
17.843738
36.383100
89.101796
53.708565
39.457572
82.154915
87.370933
96.519739
70.798870
68.976010
50.327229
96.230453
89.100954
22.374427
61.897092
42.570295
90.647670
55.568606
88.626915
67.060793
59.593792
93.712966
33.703857
43.963508
66.408960
38.185730
84.890577
90.217626
76.673594
75.387399
92.773488
80.874903
17.943829
39.116621
81.081687
57.297208
83.341166
85.104054
90.021664
47.517260
91.388292
94.745237
25.593105
93.284189
58.560823
86.467161
93.702881
96.642848
68.383331
64.990230
90.297785
95.281950
69.588217
90.481987
93.737346
88.836310
95.180565
16.333493
61.882712
44.409909
86.690599
94.316860
97.796932
78.820683
83.148963
97.065184
98.421085
67.538434
63.805642
62.547662
49.333660
70.822525
32.625603
99.167787
64.767121
41.552497
95.197164
59.225839
61.912357
60.281506
65.472895
80.917551
79.741018
97.191049
25.594433
99.193851
33.637776
84.581913
94.817720
41.594711
90.578253
41.088320
65.966961
89.544793
55.749529
79.868267
27.608079
19.882103
61.399349
19.514636
21.344156
82.605871
79.810024
67.278154
66.445767
60.201578
49.596068
35.873667
96.575670
80.357327
88.880200
9.456638
54.916209
79.764403
45.884856
76.575127
45.363752
81.515029
86.919100
75.158499
96.930748
36.377466
31.412211
62.619965
68.418053
63.857184
67.183852
36.084207
62.197749
94.147544
56.183894
59.330009
39.223590
85.760247
48.839943
19.216894
81.503006
67.194717
75.646414
77.248883
62.660913
28.587900
76.290629
33.603869
93.749667
82.503273
42.101781
38.706976
26.597631
99.254622
62.435967
88.881832
70.842290
90.252535
41.308353
95.558935
57.664721
83.262236
79.277298
11.441329
10.541584
87.608732
92.745674
99.026158
50.155259
94.274493
72.696080
17.012907
67.875990
48.375614
41.339086
41.649370
67.353471
68.761835
81.388083
99.490954
56.570929
83.219229
76.437033
83.445851
26.121294
88.241600
95.303358
58.220443
96.300000
53.749698
76.807161
15.901761
99.604468
56.211209
70.835302
38.727897
89.055657
69.569390
64.180449
16.684424
92.521673
48.456372
55.774188
50.285286
91.225928
27.251275
37.633629
60.183054
70.000000
65.891653
34.013968
69.639716
93.100000
80.557743
98.928156
79.584483
18.581738
56.089660
75.714794
99.754799
82.664624
97.959226
7.679681
35.135168
88.561391
96.565366
55.937644
97.418633
71.056808
98.868600
91.610753
56.292184
90.815142
61.771191
8.503288
72.424305
85.976101
74.510201
92.927445
83.886411
98.422000
87.153428
35.659781
45.777942
33.014542
94.200743
39.255191
95.036572
6.746362
70.307539
97.459017
85.224058
39.504304
94.332126
88.847904
60.196013
33.519845
63.736253
72.400760
9.339036
76.596279
80.413929
27.766653
89.300392
91.833708
24.324802
68.108076
52.975655
86.543053
96.589803
48.535245
42.205213
89.162043
58.364887
49.472619
75.963017
52.717265
92.190672
68.996014
93.907401
65.287135
90.900330
63.818649
43.527922
62.903974
61.974672
57.728762
33.801775
55.309764
74.282367
93.594017
81.670619
64.499767
28.226548
27.884655
91.410010
76.343500
81.918618
77.610115
63.708241
72.824858
72.842089
85.993314
72.512482
47.200847
68.314567
79.367878
39.752610
97.614958
92.568893
95.703709
93.036444
87.367958
24.111450
30.800081
62.304093
38.296083
95.169953
79.683687
76.721835
8.679954
79.155164
69.739157
41.943653
89.546189
85.515846
94.877553
48.884660
62.754920
94.610782
52.654060
81.160150
85.198650
93.501711
79.532886
49.104379
75.183908
59.337425
78.679540
56.516635
61.458767
55.143177
78.555204
67.650795
96.745698
94.708922
71.460828
86.189036
39.554899
78.114403
62.788693
17.090202
94.357724
95.504869
97.999235
43.091066
88.546598
72.512826
55.099819
77.094163
50.485344
84.890459
88.011079
78.134435
80.720629
37.918201
70.619190
87.309049
86.822520
60.184882
92.943962
92.885575
79.141077
86.204408
79.052198
33.215358
50.294035
56.747599
58.697445
81.212807
28.984893
99.788777
25.877075
65.935423
90.263060
60.990409
95.877005
81.678883
83.374037
96.741046
62.643515
65.053593
81.517176
58.120392
60.904105
49.228447
27.945876
76.120825
78.260271
85.362931
98.959739
37.663112
29.282008
30.319515
15.068709
79.392065
78.787372
92.729769
13.771819
87.530395
89.726139
96.898762
84.528753
88.385236
73.949780
14.763943
59.012202
96.808109
44.131735
58.537851
46.176942
88.170517
91.302848
81.944737
89.771655
82.456837
54.056637
44.980218
65.244004
61.482111
35.005285
69.793839
99.316565
25.038810
83.787589
33.602232
83.768670
89.257717
16.842595
87.720351
86.790322
98.393547
58.886246
98.573475
95.421748
54.961896
25.904768
91.973040
32.871112
12.349170
55.725488
36.112879
92.747291
69.877822
84.454662
85.976916
88.689289
20.330568
82.840449
93.655753
29.745689
30.565340
42.158036
31.949804
80.262631
46.792200
95.347837
76.708800
80.417846
37.870569
65.305207
89.536361
87.389587
63.377204
90.161078
66.090468
46.264241
57.703813
53.020845
89.584485
51.292495
88.332667
96.092716
51.507378
95.506754
75.244734
85.827560
81.142406
93.841462
78.666638
95.457268
83.447648
75.178654
18.328093
76.119380
49.637486
22.055113
73.508979
88.426806
94.774153
52.534465
71.469084
85.625872
72.894581
77.438556
84.219475
25.564389
63.325587
91.020163
21.571161
23.377746
73.103830
96.909081
28.492104
62.571639
53.694041
74.097706
91.146146
78.125732
61.426216
76.021247
38.487660
78.768712
96.036191
11.075559
41.089171
75.146390
94.008457
57.835024
86.961313
95.224314
18.172149
11.149439
96.333328
28.349674
88.571609
98.987272
55.947207
86.541782
75.194681
29.916250
44.338696
35.516334
24.168223
83.809606
56.108466
33.457735
64.140315
60.245996
49.071275
33.762701
92.879922
93.080610
76.001645
38.067309
73.338939
90.484142
72.930172
57.236439
99.646375
58.535374
85.725375
43.335090
48.613681
98.763910
26.896933
94.575050
96.190904
99.540293
91.068875
97.375818
68.960931
87.089437
62.001935
12.368832
35.623307
91.492896
22.663738
53.249601
81.473493
60.985982
10.245389
64.803549
30.715989
83.253528
43.610091
64.435549
41.591225
56.473711
47.682282
49.610281
70.807768
76.565527
85.629084
67.617601
62.327602
25.159889
95.776302
48.211202
69.372257
61.447945
26.794160
78.735697
41.717382
99.671711
91.045044
81.103946
62.860958
53.733230
78.328475
82.359274
51.541537
91.443917
99.514170
30.917212
73.305252
71.882265
52.114106
76.206233
69.422547
33.292492
93.063849
58.389982
39.819970
98.586865
58.844456
84.332141
99.214717
25.273306
72.778087
27.453051
83.281210
96.346458
57.056989
71.521885
64.708037
56.353083
59.486553
63.817944
17.385425
99.815630
28.739398
42.311582
94.830217
37.861986
57.877457
12.486032
15.178669
46.868753
98.127621
71.612359
42.858138
37.960506
94.190127
89.022413
72.756924
94.622989
41.515178
83.694564
96.885706
67.706277
74.762022
19.638559
44.755447
73.008972
80.452968
79.170323
72.571620
79.893116
87.189334
80.706319
50.706804
62.144911
92.066606
23.054284
54.007685
56.866247
99.441943
96.975358
82.202251
92.259363
87.184976
60.745370
88.911810
67.391172
15.333134
37.589892
91.049657
25.101753
7.079025
47.363066
49.469384
18.916131
62.254237
83.488921
38.758354
87.478855
80.425929
56.099822
69.368076
63.924487
95.099632
38.394140
73.198429
46.135669
60.654513
50.202590
93.274541
56.383065
15.767023
90.559318
63.426572
58.357347
86.924738
47.370772
68.936928
44.278776
43.582795
65.013998
10.904311
91.776086
53.259835
70.618199
73.341462
65.870403
63.405757
95.180145
94.515025
92.059763
96.277152
94.584724
5.544808
82.032311
96.641865
39.715866
22.828316
93.114499
44.411823
18.088449
95.433589
31.629891
67.960283
69.674098
96.268946
48.444504
62.173628
92.069593
98.604209
29.920394
78.256949
92.755755
35.324779
49.250787
87.801310
79.528045
96.896956
35.246276
96.857524
53.126829
84.353245
98.876893
77.293531
99.785620
8.939737
56.542904
60.811759
58.303773
49.987999
85.881372
42.683955
32.980752
39.286130
99.841524
87.487371
38.383069
33.448468
59.934381
53.961375
95.167116
85.533970
32.016090
88.001705
92.324265
94.525764
49.976294
87.813154
35.927844
68.638473
42.525639
65.842843
54.699817
87.412871
49.191869
15.355390
53.743930
74.645161
83.269262
76.197441
46.958599
36.799049
97.602971
96.263648
72.975749
70.433515
87.026835
26.904832
78.012371
78.542918
46.997021
44.186197
65.257260
53.137087
72.982327
33.312760
36.473963
95.862558
13.477240
52.526089
20.104651
57.819287
83.226498
78.958090
36.068962
73.901353
99.389688
69.102460
76.998571
70.442388
92.120139
79.187625
35.876176
47.476310
53.902226
42.967895
99.122500
57.360701
96.372351
85.219305
89.758064
75.542174
33.685605
34.160357
50.656885
93.512940
40.476907
78.567487
84.205522
35.527032
57.239497
76.165675
31.101817
88.305549
93.412579
79.440733
77.932342
80.107490
63.142062
90.410895
50.993921
67.543986
82.518786
69.398775
75.207779
63.012300
54.954891
88.351061
63.341377
44.042934
43.504483
98.311393
42.596596
75.637557
59.025672
78.196803
22.711803
97.369297
58.246030
96.991237
91.894886
97.876912
95.720583
54.742671
81.168528
11.272311
74.716999
85.420548
71.862438
69.871096
36.268719
90.591501
44.199434
62.531672
94.594186
8.138612
56.964814
92.481349
83.355504
85.622252
70.060403
80.668457
99.081078
72.822730
99.839822
45.237706
68.176682
99.526077
27.795791
72.015415
69.280445
99.239811
66.748783
43.237946
32.616254
98.471265
25.827234
32.259262
19.329278
97.209722
40.248106
76.168169
85.097826
18.089831
99.783065
39.180225
15.492192
61.703241
95.839919
85.023526
87.954363
92.249336
81.177953
75.680314
47.587183
9.264875
51.751715
56.159683
88.101419
59.149641
48.843628
80.115666
78.392155
67.355846
12.993960
88.023860
63.641810
54.886064
26.941975
98.489492
31.129809
84.068722
65.337814
97.689303
50.287374
44.193438
71.194733
96.919657
71.956237
40.055711
77.955308
81.029316
23.617409
68.184822
92.545989
88.913385
95.766278
9.914807
46.747085
90.493480
61.332862
56.277793
31.867381
89.898999
36.793070
45.948341
61.557453
84.041299
83.026442
85.173881
88.559472
60.533379
76.111694
53.188439
84.664987
72.216272
42.211728
84.907244
75.918509
95.416089
68.858260
98.476850
95.459258
56.972713
60.540317
99.197530
58.549637
73.353255
58.347922
95.173000
78.133348
61.587580
97.166352
99.475977
56.938300
88.409558
87.870928
42.621591
39.909022
95.098475
88.162974
76.658268
78.405485
98.415344
74.719743
64.362644
62.435967
89.271496
41.938169
19.097775
99.664688
69.115194
74.116125
64.948826
88.402093
74.094669
28.932888
96.637053
76.321557
21.651859
95.761005
55.609262
61.036301
58.176284
53.759278
56.894815
67.820056
69.536034
78.806408
94.609778
97.957797
73.476323
84.015058
51.517182
78.126948
82.930754
15.585089
48.294410
98.890546
36.710625
16.850074
43.992499
85.655881
41.916107
96.343448
60.508760
74.643486
52.294933
56.142230
69.553217
79.908635
96.167198
57.306631
70.341808
21.517202
38.288510
96.391597
97.730804
94.324175
51.780498
57.651366
31.969986
89.865566
16.089531
29.645742
34.138102
83.620332
24.629657
73.914545
51.534163
74.531336
38.295692
91.687676
17.256419
69.711979
88.900900
44.692505
24.429552
21.676623
84.887926
24.693805
92.921365
89.593471
98.290386
49.923141
91.908541
42.268665
89.357316
96.864699
79.361704
72.346596
91.591430
61.131089
88.922213
75.339498
85.363985
52.206226
85.512280
92.820310
50.370626
52.756516
90.114538
57.919772
49.189125
75.894466
87.992897
49.438750
97.518306
39.378167
40.448115
83.717382
59.861590
80.281754
61.686303
62.910969
92.437276
99.760112
68.129582
44.660049
44.330012
91.275188
41.746856
35.313454
94.441516
71.104149
53.701769
96.629964
53.429112
91.520380
71.453341
97.681575
84.919374
19.031421
86.092508
45.625212
80.258333
23.078172
38.052989
84.220841
67.930406
81.240938
87.717102
88.789526
96.814513
52.706356
95.614277
32.150428
51.177730
17.453338
98.625098
11.299690
77.297801
32.619626
56.985437
89.700334
40.240403
73.157160
24.853008
34.830303
97.332009
37.081532
17.708924
27.867831
50.917875
65.221546
66.896711
64.854607
47.309618
86.120207
47.686476
95.812108
87.029305
88.990337
96.424012
67.750351
77.246424
86.574534
30.906941
68.576964
99.848936
51.374410
96.358809
57.703033
34.724487
75.358477
72.877774
70.007785
51.869066
86.920193
94.124439
11.933105
57.398955
55.048615
32.016714
91.148450
56.485839
72.017151
95.218906
54.178040
54.046369
57.749026
20.832403
63.681944
94.452951
35.995139
77.337701
68.334984
55.834935
80.084143
35.195028
93.253311
81.886934
93.720275
64.596517
27.954141
59.698660
94.596353
83.152811
11.180072
27.672658
20.001775
63.178873
79.913015
31.890908
56.859212
80.319487
74.825597
14.116373
95.748525
53.786058
41.413041
68.201906
88.124628
47.656059
21.102464
66.318097
93.220599
64.024292
60.482146
38.638452
40.135645
62.774119
97.824230
77.463863
53.598974
62.645670
93.481014
36.945636
33.863107
52.927120
33.308107
78.986265
77.241051
59.860087
57.698960
57.881171
85.175172
39.763425
63.278590
90.725906
40.632745
93.631085
57.097636
55.796147
61.072907
92.113137
67.178121
91.344348
64.202570
89.552722
83.427813
12.236217
80.215335
68.138535
49.963186
75.658575
83.192968
49.551791
87.446098
4.952272
46.813994
57.609808
24.822409
75.306109
52.422610
88.574996
98.706940
40.256676
85.977439
97.182149
39.814570
49.558349
92.211767
6.049132
70.725667
26.007441
89.633587
22.959660
98.724972
38.212956
46.545569
46.661976
68.035799
86.467104
92.443226
92.020161
82.102558
55.369396
80.294832
95.191544
73.388146
96.954010
84.061704
67.027830
96.628619
92.478538
90.042768
78.688055
76.188385
95.277909
43.916853
74.666190
98.898180
82.632984
42.507882
94.079594
91.273983
89.637157
35.689915
90.717418
76.133435
91.772218
29.224168
63.689874
76.488038
89.746476
27.229635
39.962858
35.685291
51.480482
50.071249
85.953127
95.786220
65.519844
99.229482
99.737305
89.915516
34.486374
93.316237
63.397082
23.989289
46.826275
52.128783
38.642205
81.108939
86.900058
6.917182
64.590170
82.926413
90.928543
17.573958
27.276510
67.381897
95.482878
95.147885
76.032888
34.923058
90.721497
90.011166
23.408246
96.573029
89.469660
84.193230
79.633284
29.551836
88.011079
78.639621
87.625567
90.352919
80.786137
96.058888
58.353320
98.558308
93.538869
55.743699
73.180735
92.044717
52.372989
21.738560
48.982140
65.207668
63.335140
92.883152
93.518822
11.143653
84.339018
96.465227
91.034444
64.524879
72.178459
99.400101
97.316288
6.597613
39.800879
64.385247
51.902505
76.320246
84.578189
91.911588
33.494029
70.306828
88.628664
97.924154
68.316543
26.774036
89.915405
30.867394
60.298922
98.114015
12.980716
44.348506
75.965782
99.019796
35.873667
95.990781
60.237281
68.841121
10.678483
80.593052
74.428892
71.647749
83.668811
83.561893
80.087015
94.657435
35.315860
42.476346
61.892245
40.912101
39.185201
82.712696
57.452937
84.631318
97.171344
79.027780
78.768204
88.219839
67.371285
72.089736
69.639859
94.923970
21.804174
20.297635
66.200227
78.775758
89.093210
85.016528
88.334138
60.016164
88.536490
71.554245
45.386121
27.287122
65.381649
76.274963
30.868528
69.390777
84.317970
98.317547
46.857870
49.827603
90.531376
95.019998
83.501377
80.156347
74.637859
92.395996
42.022137
93.694770
61.380534
39.120455
40.171134
42.191705
93.641711
81.542320
47.494631
47.618904
29.165785
82.197871
80.023059
82.489757
65.208052
69.804799
75.340892
25.836583
95.695872
58.950997
89.182902
77.574029
3.767599
92.585906
46.695824
87.801538
83.722398
87.350444
95.665772
81.739954
68.029846
62.086150
75.565270
99.238954
39.996375
79.758260
76.117409
86.234912
67.508962
84.927911
68.804506
72.745034
99.736403
71.117579
70.736200
75.375062
85.563836
82.845640
56.201512
82.466660
14.072349
91.185580
83.864951
95.468948
65.631547
78.103905
80.418219
49.169503
57.473733
85.915889
40.156195
39.341073
50.402083
77.423640
90.998352
60.959741
79.501698
94.320941
49.922240
83.114680
59.709463
25.339080
35.324637
47.889143
68.705531
81.208128
90.563734
86.463807
94.716049
88.138811
65.587804
98.322836
98.307426
93.659276
44.082083
99.412021
97.105098
99.487185
23.780980
70.363485
41.503976
36.922080
43.698856
66.748483
34.571665
88.136258
82.109865
58.066169
88.405203
69.642875
78.010256
25.217117
87.311282
64.044750
88.251062
83.916864
74.571241
38.819583
86.906962
14.718560
31.592151
66.785103
58.459131
86.386747
71.665543
99.637543
62.115135
79.182384
86.108188
87.053891
99.013635
26.979733
62.561490
39.543773
35.973045
95.842266
69.269546
67.140003
46.875367
8.058958
39.511644
92.960153
96.366021
81.787285
68.357955
77.434876
86.792454
77.006104
67.476070
50.616499
99.785470
98.543544
99.373085
96.700931
58.814199
84.828592
35.501831
56.549271
76.339308
76.973372
99.253967
41.183370
76.139083
52.849503
56.315184
40.756840
91.627834
76.883743
89.322841
76.565070
79.017973
17.220947
65.547845
39.656904
43.654553
97.368783
42.979995
85.270335
64.604953
95.453339
65.356025
97.495743
87.343345
91.042408
92.235026
46.737244
51.759154
78.226019
84.898940
44.086166
77.160547
67.875180
22.409261
7.705167
88.457617
23.516037
65.897496
63.711145
38.344882
42.679152
64.533170
56.709876
38.733835
75.811213
74.666257
99.108880
89.020391
95.829432
58.789285
89.332581
71.325241
44.961873
81.108508
80.287857
18.310434
70.143638
50.454534
69.969422
48.205601
75.445146
69.993285
92.193546
60.675943
78.182799
60.473713
66.145673
69.219939
95.351980
95.781209
90.301274
98.588488
94.237944
96.991031
88.611850
97.665603
68.756382
63.314848
73.845244
23.183529
58.002500
60.500496
94.023189
99.678935
50.379659
89.437800
35.462374
78.166489
28.862710
34.170162
61.754595
75.140801
68.666294
77.697748
53.576861
63.856245
50.056568
51.495242
90.614789
54.766870
32.657771
71.844415
36.073675
32.162245
72.845659
78.822459
38.919404
88.637125
70.310170
76.164230
85.291793
75.091011
94.988368
77.495677
76.390379
84.225352
86.000581
78.888656
83.487604
88.091032
53.471020
61.510324
97.911235
46.447390
93.548864
68.269320
48.059754
98.901769
93.382547
46.482470
59.849812
51.184861
50.243408
86.993103
45.316112
62.808678
50.178083
85.805070
40.349969
61.916234
39.852102
52.131373
77.568421
73.622075
86.184975
99.116598
60.291873
72.708253
7.494925
64.149747
63.769742
83.869959
57.600087
41.426682
61.245816
62.446057
95.160076
69.381265
69.942405
94.223033
47.444283
43.609403
56.874335
74.169131
79.028602
92.076816
46.270401
54.745776
47.257380
66.238357
32.146073
88.754268
64.726656
59.785450
56.442449
54.416450
89.845534
99.273713
86.553394
97.534199
60.167932
66.173711
84.980292
64.727197
69.460132
94.753206
77.611082
81.263768
8.762962
24.509019
76.362622
76.393652
74.603753
55.728180
79.476600
44.480108
48.078166
98.028465
90.383793
16.633671
11.738228
75.963544
64.455566
70.356307
69.568455
44.640677
52.694497
90.278901
41.154222
74.699598
59.222209
82.282380
99.938531
58.101549
83.120996
34.936657
64.090483
78.626077
44.192533
60.629861
47.371088
72.184624
69.379248
12.129633
52.711858
94.701267
25.938408
88.143860
96.461132
70.544312
99.774195
43.611352
77.987243
16.240690
54.934415
99.913162
90.496409
50.385315
86.804839
46.477521
76.542668
92.194360
77.976599
49.443099
81.782150
25.311697
89.160922
9.088751
91.372370
13.785645
63.781502
47.469885
52.858396
94.710612
20.424299
32.852854
99.999550
92.533075
88.451682
53.463726
23.606503
77.370279
96.886841
91.512021
96.644503
6.573576
79.132421
67.107302
91.687567
99.877775
97.206070
98.144078
96.806456
81.053316
76.942641
19.470824
41.825710
44.736450
81.978473
29.672782
90.112596
87.200229
91.939382
83.481854
40.321458
71.261069
91.102744
56.272995
42.919576
3.097391
35.263012
95.491466
81.578183
24.929200
70.411931
79.640756
30.652471
37.776977
73.061139
67.163830
77.888831
50.527220
91.269710
70.842290
90.263780
76.851871
74.758946
50.737067
73.838269
56.694621
48.605555
81.338490
65.516105
40.272944
97.553678
86.970167
70.275671
65.371783
64.726038
48.261786
82.698488
60.913381
37.719226
43.766083
57.223597
72.006389
55.066959
71.510559
83.239594
53.330198
29.564878
26.481163
77.112969
37.313268
8.545864
86.285456
33.567991
90.775107
40.424745
72.539300
87.439808
41.041077
95.757872
54.027493
95.236600
97.888763
90.388440
66.579126
41.747455
44.822874
82.180533
91.356609
40.585958
69.880326
53.950348
95.447682
78.505159
51.310135
90.876730
44.266014
54.626550
56.368520
52.228345
78.051329
91.410393
83.118470
64.706491
98.903994
78.249281
92.157040
20.785764
37.863835
75.786410
47.997708
98.357714
70.185682
42.617719
77.363170
30.052221
94.885721
92.035102
55.624994
56.912125
87.436148
28.004821
35.078626
34.095894
93.194796
57.792474
70.376914
59.278917
98.473702
93.449559
50.692603
98.298627
98.433683
78.785214
54.308563
30.865337
38.933276
77.714542
81.772367
60.382531
95.531042
61.329764
83.068526
69.010362
47.246058
80.209663
96.959992
81.240692
83.829589
97.717194
65.142459
34.644191
45.230410
59.341301
62.828497
65.131329
82.946790
70.327946
88.107491
39.937076
81.793643
46.439315
78.443355
97.971935
44.482019
72.461783
92.875777
75.815434
79.584672
29.560041
76.765161
41.954022
50.935548
67.860003
76.875614
83.557824
70.489786
27.007536
95.583158
32.005000
75.352505
11.785415
66.555390
93.041604
61.829362
31.069165
60.615097
46.164922
95.402201
14.823900
57.559013
47.203813
97.022781
36.565147
33.106948
40.751564
35.258191
59.384510
16.571602
74.206806
16.296441
59.128504
14.891575
84.308540
54.041003
60.357932
96.429560
51.464551
70.313512
60.494049
75.386604
80.614701
64.859463
54.003148
70.314081
71.158274
47.402004
67.360819
38.130303
77.659900
63.502047
66.311387
61.550873
59.327228
77.540441
49.686417
46.211470
35.646038
75.361927
63.264840
94.499788
99.783516
55.795340
46.949228
80.674717
82.531146
95.326177
80.478009
64.155358
77.991794
47.558595
66.280842
74.898064
51.003333
26.394052
92.393182
54.480822
76.391623
16.396219
91.272175
51.327088
87.001092
73.791802
89.622932
91.503989
68.090381
48.273388
74.956587
99.742017
62.844252
86.565120
59.903088
99.710130
84.020414
88.263979
73.807859
88.288391
89.129344
74.028305
74.860270
86.701845
42.437483
91.411651
28.024882
10.719701
36.363443
62.284027
97.037622
98.363611
67.185341
67.767470
70.607719
21.291172
94.048392
97.580787
79.747100
76.500719
26.260293
12.815264
15.167399
80.365042
93.560248
20.450012
93.451057
84.604196
48.739512
75.850313
72.528960
49.139394
59.883721
30.848160
60.755000
86.091056
89.495028
58.172932
80.095568
44.998778
48.130136
59.842460
88.740802
63.373180
97.901634
24.869680
71.707601
34.945815
69.534955
60.933488
51.108316
28.728192
31.123400
19.435097
91.643221
56.796919
87.000345
56.337022
55.994643
81.218040
72.076487
51.212010
96.350558
81.608517
61.897254
45.723298
83.762283
99.845781
45.165584
70.906840
43.928123
46.466332
91.399836
67.126373
37.900660
51.254756
53.355037
74.676502
74.891989
85.519705
6.542102
96.562622
64.393012
98.106116
64.440903
57.088440
73.831768
84.509704
61.073890
20.351536
34.762624
12.954536
23.505233
76.151559
69.129010
87.112054
12.825833
69.230196
54.672022
81.586518
58.695059
45.083367
19.065755
96.885499
62.315407
71.169165
91.504208
72.782141
26.391760
80.547812
54.333323
78.374741
92.718984
80.661143
8.212825
60.339871
51.044980
46.883259
50.074644
54.474948
71.378778
20.955763
26.429907
19.142179
92.021248
15.398052
70.298435
89.514468
42.835266
92.161706
70.974502
57.513216
61.054893
37.689123
62.527434
99.953889
71.187850
54.348321
58.964566
69.605460
92.425159
48.427265
76.412957
71.278187
96.352167
42.898834
2.935306
69.350054
46.097071
62.700080
57.575602
65.800456
96.303790
72.409323
30.474284
91.466169
91.254041
83.062025
80.451476
48.656243
97.281961
88.331421
74.493154
77.315781
87.703478
88.125819
76.672485
52.808711
25.910519
58.893039
56.188878
53.805483
81.907082
65.590472
74.959055
79.119972
35.822758
88.597686
86.027728
68.942367
67.124139
80.317059
95.445639
97.920223
41.024871
83.039509
61.181370
34.798420
46.192532
44.238558
47.003298
42.710771
97.198714
74.811095
60.583166
84.051472
74.162120
94.426162
78.690914
57.275649
72.722005
60.733105
52.607604
66.133955
93.981860
96.409388
84.953929
95.135430
77.691377
79.329755
99.711684
46.952742
45.252956
89.120480
94.752678
66.735223
37.932572
56.614574
99.853543
89.727922
69.374419
94.266431
98.143110
79.060040
43.937228
75.031927
99.395674
69.501439
73.871713
79.173291
56.645212
91.101921
27.763987
74.124085
64.096490
96.255338
91.716411
94.174731
96.558531
29.844732
11.264857
52.443017
61.409608
39.976368
96.949626
53.405992
82.929368
80.665854
52.622999
39.733990
68.609037
61.993145
42.044619
24.277109
75.394761
84.514732
89.484244
29.239716
96.589647
42.941588
42.903263
80.460549
82.830188
11.205177
14.791146
83.678552
65.756597
48.594547
92.720386
29.942946
93.917357
74.555282
39.624487
92.925831
45.190928
59.882218
88.516383
73.102189
73.296521
59.387120
73.960462
82.869234
94.120720
91.576471
88.047260
56.247400
59.066911
89.360953
14.753949
92.344843
52.897353
90.653902
45.034986
84.819278
68.652604
66.254736
86.386862
74.191779
52.217909
88.073038
97.560545
9.806166
78.593066
68.295168
40.972918
72.032840
83.097834
81.067009
57.519910
81.527664
46.505269
95.765756
91.378608
96.302544
32.744465
22.254146
60.180562
99.561489
96.205301
80.952270
29.666732
45.718924
19.206093
98.306663
78.838886
71.587220
37.473457
36.929798
38.465439
86.875313
88.471069
23.723680
95.876327
66.896412
59.175586
61.945702
54.200461
61.336205
11.339841
35.317559
62.480557
38.380594
88.958305
60.053060
48.043418
59.006356
88.440093
92.086210
33.048147
79.168302
99.423689
91.482403
90.941355
97.518203
34.108503
56.091800
98.271359
97.851367
71.569896
98.512233
78.677697
91.205592
91.465403
77.699099
79.446397
35.257056
46.538479
33.388172
77.235549
96.714218
81.143576
44.470440
89.055881
74.167041
34.204678
59.931461
83.530833
95.987187
44.993888
70.540768
40.729105
23.046496
82.972465
80.854313
66.471498
32.489075
20.638847
95.656416
80.943993
91.342980
99.104087
44.172842
67.110506
75.244535
82.586682
56.024548
53.768485
99.640554
62.649501
82.157471
68.994927
79.439033
40.777690
83.554294
71.074187
36.135578
79.347716
89.012078
65.919951
61.776614
37.063999
91.880956
81.174195
74.264864
71.983887
92.093268
55.259388
42.710303
94.167776
85.622544
75.893939
80.643475
46.044109
43.023250
98.568504
51.150073
51.301657
59.983248
37.796825
20.648705
77.400194
84.591134
71.940253
54.492477
84.587824
76.030454
70.771039
92.338183
46.500215
34.881944
99.594528
99.019998
44.839938
50.134818
66.728405
78.209974
71.417575
60.425160
75.863891
98.761177
39.231620
89.636377
94.079966
96.912125
24.754030
93.205687
86.186078
55.232961
52.144319
93.234489
88.011704
89.800668
66.108471
46.022820
94.205042
72.425203
97.934978
17.349236
94.038024
83.048179
89.083949
97.500051
41.829057
81.598713
83.462087
79.192108
57.400174
73.626286
89.034151
19.941138
57.331841
60.095507
89.221690
47.358632
73.212909
87.344948
55.064780
30.494868
97.252455
36.755544
75.409283
63.178161
68.880984
47.763480
50.721692
95.773431
54.758470
75.495232
45.055299
88.358531
78.018459
46.513546
45.168684
99.404376
61.429797
56.952875
75.144794
69.141522
82.378820
82.917730
63.342561
66.706072
77.854351
47.874419
30.195579
64.607120
60.787252
57.646856
49.300406
99.187348
96.975925
92.323074
72.630503
12.899031
80.238893
90.239238
37.951812
87.946234
66.264244
93.251649
38.337710
51.322315
96.562260
54.919760
54.198155
98.142753
70.760370
56.627732
71.106962
97.706397
93.657728
84.979409
42.658997
71.989305
41.068236
82.240683
68.442019
96.099792
74.100607
74.799599
69.887839
23.597288
93.148108
83.899166
75.310557
62.261144
37.768903
70.361140
79.013796
95.535334
86.668391
65.764732
14.033709
7.903544
99.324368
81.277980
93.892651
87.520398
92.796067
82.737476
46.531065
97.343259
90.710088
57.815915
21.309341
43.044512
24.236584
51.276700
26.788561
33.894985
95.342960
16.247584
82.295626
80.943684
86.017266
67.275330
89.134225
4.404055
77.355349
25.226197
72.965814
26.615296
75.133348
76.415640
43.406451
79.989687
84.278942
95.680719
68.531672
74.398992
16.929826
84.864421
59.061493
84.591903
86.221169
69.101954
69.649767
46.996808
40.413612
12.145452
96.117168
39.674173
69.726537
46.634000
26.649296
77.964607
32.427766
60.232051
64.252237
71.603073
97.301439
38.082936
72.773141
93.297535
72.823554
44.684897
96.290654
51.572085
34.534620
68.526564
61.534543
98.514923
71.836272
40.862207
54.424351
49.722731
52.995849
59.195186
53.133323
93.266607
91.289923
83.446090
36.406181
79.035625
84.687957
25.902818
82.204562
69.031659
39.439320
50.662116
87.787926
82.915379
85.926422
44.081062
91.396936
75.034792
84.033862
75.784299
83.097232
70.056977
91.513824
70.393679
56.077536
53.445393
87.332926
87.113547
66.583782
45.600110
88.949536
85.853480
36.534367
57.625428
29.144759
78.400319
78.152223
57.490434
97.883502
30.941622
27.286663
62.013224
60.007916
33.362404
83.835255
74.039787
64.297356
52.338800
18.175836
48.723711
99.082339
97.742365
82.615676
61.162734
54.297330
21.550151
72.918516
68.167734
97.153796
94.517670
82.584805
89.514189
30.022175
93.093555
80.215647
74.296972
72.468062
62.997857
49.273319
70.762631
92.695307
52.774141
96.690279
94.127892
31.558343
92.649123
94.525711
49.411739
67.714179
60.005416
78.675218
43.212730
66.316740
75.380170
13.453178
43.181130
92.128823
56.378365
36.830829
94.404608
89.016909
94.261286
58.341923
85.937535
63.802038
78.963536
75.511853
64.801543
81.015554
55.887387
70.280296
72.056297
62.234074
69.787176
64.996846
51.098239
59.775999
65.802736
65.036067
91.616974
49.380462
51.933419
99.517184
30.135029
52.642188
74.584985
77.350760
92.787391
99.446468
66.736047
58.316293
84.249273
71.504545
49.660548
94.360373
87.034418
52.692220
63.700157
89.182397
66.670383
78.614820
46.115073
43.011510
52.963006
70.507801
59.531756
67.070411
72.634014
93.507700
72.644270
61.611525
95.144206
63.153622
52.069281
85.105875
57.063386
86.775342
77.482772
46.021843
85.500936
78.122148
65.662546
66.974846
99.915414
75.591137
74.826132
40.049345
87.005747
94.531318
15.515025
75.599405
80.998210
76.412172
55.540076
67.208705
85.854761
71.077212
92.241802
56.153807
81.322014
96.098127
12.660332
62.386697
67.404080
96.775410
74.722754
41.805143
55.795430
48.261165
76.495163
79.198106
95.619977
97.169028
93.298017
83.155216
83.322866
77.225514
57.518171
57.397735
24.123536
27.265821
68.840686
95.306768
65.451662
99.371928
74.145263
82.963727
47.406118
33.292942
96.257311
68.582213
45.790501
21.025271
98.649683
41.340658
63.562253
54.204428
30.724550
76.025522
49.711568
64.787190
72.996438
76.229391
64.019060
50.155857
99.139145
93.582103
95.714523
59.380216
40.217906
70.585409
86.246333
87.479998
98.702077
73.511700
67.217557
86.235260
74.695047
45.844847
64.194860
35.207386
58.013274
67.517924
87.287743
71.045619
55.252873
98.563786
83.814498
83.644785
96.660592
48.941598
86.712225
45.481425
79.262728
35.389264
95.124182
2.931629
66.685156
96.408506
65.519234
92.956119
80.939854
84.171907
78.335752
76.909037
57.935654
57.899568
55.525400
84.297627
45.305629
89.908954
38.203403
99.178022
91.314073
33.345315
89.180828
98.722996
69.558752
96.743579
45.500440
73.066750
91.894831
96.787344
66.995298
78.054660
84.674435
46.205303
42.292789
48.862767
89.052681
77.132159
33.733366
72.804670
75.959858
68.915383
45.209180
35.439103
91.486338
20.112036
91.253986
82.261960
59.023893
51.356499
90.975546
63.530465
71.686749
30.392680
69.844041
87.503714
97.819886
40.045599
50.345506
12.411124
94.278948
96.919503
69.104993
43.330359
74.293472
80.842254
40.613421
48.338184
30.690911
32.369584
11.352929
78.932756
63.352427
73.360139
21.273928
80.662445
60.183968
82.394781
31.414662
80.631632
7.682799
45.170344
47.845271
63.284279
18.251219
92.373319
35.728000
62.921618
33.051778
17.880772
59.790300
54.996364
66.152400
98.726744
85.335280
22.278532
43.178930
72.725580
48.673710
88.911642
63.378387
25.028184
89.867402
76.149130
92.665150
94.003564
88.891732
67.586611
59.445858
52.123987
56.179178
68.076868
37.763739
91.696837
92.436789
91.727695
59.330683
53.670756
58.776951
59.883136
98.457656
74.623120
40.452441
54.158656
87.687171
98.356799
44.216060
93.576226
25.469629
52.216472
72.334708
96.818077
66.987909
96.973295
99.681794
44.878057
2.621629
74.253148
77.007987
97.062351
19.535301
63.431853
68.406067
80.152105
64.455876
75.371347
88.534908
20.439521
39.064434
89.190302
90.013832
92.770092
76.775908
97.307605
40.128917
69.280517
3.149973
82.247128
49.510302
91.812526
73.191735
74.869687
33.176046
92.542315
80.880282
70.621668
60.120047
87.219493
69.517480
53.231382
62.561969
51.555698
53.922073
89.005000
57.093870
77.607409
84.087692
88.561786
20.637006
88.685174
89.705741
89.160698
97.313719
39.634076
37.488932
30.590113
85.053219
51.661494
79.482954
94.271523
75.872656
47.328850
89.553057
88.938687
69.936185
65.210812
31.770584
66.752753
28.295971
82.013048
79.158512
62.061179
60.838392
88.536377
69.885406
69.858500
41.086129
37.239495
86.936701
84.521062
77.132743
50.494158
45.680849
43.103596
77.846837
50.972051
84.344294
65.403517
63.420186
99.060487
81.679863
97.921193
70.446292
88.349816
12.386323
92.459234
90.799725
82.486847
79.093173
9.154818
92.770955
93.030855
14.693264
92.170277
39.093606
79.744655
96.386825
64.393400
20.925821
98.048151
55.641801
67.921572
79.562428
37.415104
88.765759
91.999293
47.659417
76.141053
88.486666
83.340926
81.106843
43.140121
94.456816
59.515712
48.640210
56.654038
71.305470
67.849539
44.773653
51.964315
62.036119
37.688858
59.795401
57.682146
26.841181
92.699029
65.694596
72.716298
98.677758
69.439110
99.410311
60.777627
61.196650
52.547312
88.251572
92.629963
96.504559
75.716841
72.361938
74.947648
86.175054
32.856811
65.403134
56.313764
94.998158
85.211326
71.737159
50.086226
50.625586
73.910419
48.751410
71.689260
83.620811
43.702059
95.581588
77.807583
99.874321
88.695716
97.418376
64.554473
97.017576
65.885279
84.014582
36.915444
60.697199
97.751726
86.934631
32.647358
60.853841
97.244229
66.289441
69.435942
48.538953
88.029540
27.835894
51.854122
38.976018
45.821392
88.977806
43.597821
79.130588
97.467482
70.592351
62.745837
99.162392
78.801713
81.080639
21.818501
30.299076
96.922134
56.869060
72.719942
92.949664
80.156410
76.317102
95.110357
76.303604
66.756872
9.919108
60.153637
73.408719
14.433191
34.341666
36.770233
62.354070
78.510190
76.277126
80.914461
89.588225
61.593993
52.731774
64.938124
67.150354
75.416179
39.094885
89.684837
70.050339
53.439686
85.789160
76.126605
30.386082
90.245776
35.051533
95.882532
66.660633
65.390596
74.030602
35.075490
86.036911
36.809781
52.563581
80.604094
74.126783
27.495509
78.402551
44.905679
41.284864
80.543963
51.322315
96.713288
60.432855
36.678331
19.924633
47.210486
99.621634
23.078518
41.375597
50.471477
60.216360
47.775935
51.044392
34.457945
75.614152
64.001641
70.830008
94.223670
65.644649
70.884977
99.390040
76.806575
93.280705
50.542556
66.366935
87.344090
19.875362
96.292367
90.800496
95.859324
98.822619
75.456212
55.327660
93.888231
60.404801
66.341993
44.423867
91.394529
90.865835
93.459028
46.786216
98.404065
90.858406
77.313518
43.244653
27.417075
61.218053
81.945897
33.263494
79.362775
89.880643
76.145190
92.148576
65.556159
99.641758
89.461053
33.034073
26.338052
94.309650
81.671476
81.322322
1.026504
87.805125
87.482227
79.945106
85.311312
41.083208
86.113878
62.999286
73.805623
47.812342
33.551751
2.450792
30.809203
57.568568
28.440552
67.761567
38.580824
83.431229
98.421034
66.610810
51.189061
98.932199
99.482209
63.377914
98.047743
42.718263
15.677532
30.228348
86.287079
76.319460
71.504056
35.844944
67.750572
80.670007
64.230444
90.393031
90.851032
59.418600
91.323217
95.535909
96.458696
83.674966
65.300459
87.376713
78.638922
76.003355
76.134815
44.600000
42.798949
79.335301
69.433781
85.896566
75.959265
55.872712
86.286963
74.653332
86.535080
78.293039
59.790467
58.039986
82.324358
78.466107
97.682701
30.726031
85.500000
58.054629
72.540196
98.870016
55.825800
96.838732
40.247484
70.959918
91.524915
94.921810
59.348462
91.076177
44.114283
87.572370
39.253790
85.544725
44.210067
99.103633
23.083934
76.879581
85.493859
75.214028
98.652471
30.293811
63.501496
57.204196
88.669160
19.151136
65.031223
88.508248
33.639857
97.713612
49.534432
93.434576
74.298520
95.933050
86.011395
86.919676
86.365271
52.636394
72.651841
46.644828
87.496286
88.041127
70.901481
95.572172
75.945836
94.807489
95.180145
94.706547
86.573437
87.874513
49.963887
82.116076
22.590529
84.594503
68.709461
75.256163
79.362586
87.103559
72.284092
80.480619
32.700612
46.324615
85.827618
81.788447
89.383835
95.289139
89.198487
51.796235
25.551673
55.551868
80.774996
94.871176
45.889868
59.215792
63.003968
73.932672
88.061058
64.550910
42.419217
47.674207
97.659306
63.509212
98.395274
95.898332
73.332462
46.916522
70.123962
79.302207
81.138339
87.974883
95.526174
89.857665
80.647133
46.073745
87.562949
61.367255
64.629250
42.221440
30.900696
90.618376
61.997581
33.781060
97.221911
38.866438
92.985160
85.700992
41.275295
57.053133
88.030904
69.043971
10.704345
76.118263
97.631399
49.848370
54.605128
60.994918
91.607751
63.874017
27.986783
65.137547
22.385285
44.689260
75.562094
41.207645
97.275485
80.838728
46.184196
94.673597
51.482133
73.619766
42.503647
52.988395
10.603914
99.142524
99.939482
81.728881
65.352812
49.510403
93.135815
92.431975
58.171213
55.590197
90.529553
58.269889
77.926696
41.401932
95.947121
51.764177
70.310312
77.871433
83.332887
63.067345
98.322022
83.574877
53.517754
88.278083
85.150396
24.138206
51.492524
58.564836
72.451708
64.954984
34.778154
92.023367
81.718358
72.663608
31.125488
50.472071
67.966830
98.434547
95.630173
47.276738
72.045958
93.676678
82.827954
62.970310
64.768588
70.291536
40.399134
24.769356
37.977888
33.738257
28.714526
88.156282
78.088668
80.498323
95.012841
64.363421
73.725911
67.983454
88.069291
91.780390
77.934716
52.347779
77.438492
82.619852
72.214680
88.705355
91.187554
55.700269
63.547384
33.507462
10.223894
82.488545
29.790183
73.906766
58.242424
48.880569
84.821342
27.044815
54.796350
72.713823
60.797697
68.914875
28.326119
73.597486
81.838194
68.804578
73.894655
57.195280
28.219745
65.783357
38.570714
60.844392
14.298007
76.841460
94.049615
59.017031
94.602114
72.539506
90.043712
94.819618
87.543361
78.798858
94.738429
95.509999
78.451641
37.340461
64.773529
74.997267
50.510494
99.412273
12.284584
79.789598
99.096872
88.919514
86.799712
84.915370
94.619026
94.834646
74.369752
84.297509
42.409433
91.471416
67.162043
45.310043
68.656609
60.800740
29.748546
61.624021
69.836165
96.062063
59.940387
71.297405
72.866453
84.599527
95.518061
44.991777
40.752301
47.453240
78.209079
51.851133
79.596796
57.507652
54.370120
57.722613
95.878256
25.322184
82.846303
71.038088
70.926934
98.781577
96.504559
76.280142
65.265994
44.038279
71.123695
97.740166
98.443232
88.540047
76.188254
93.614369
26.201164
89.562046
70.555368
78.889987
24.404631
3.103811
43.732711
65.453266
57.913729
24.924747
35.056526
71.857428
52.761823
87.015803
91.584169
37.505466
40.734261
86.363476
86.934458
24.256154
92.643025
99.878576
46.365289
26.309523
60.465445
86.931927
56.907469
93.888924
76.847576
68.101762
91.236999
68.593003
83.768610
88.349080
89.299944
84.339315
12.916501
63.410252
92.353451
98.268764
30.246537
76.999481
85.460751
25.420504
26.737969
75.146989
15.113305
94.473382
78.638922
76.043474
91.629635
36.895935
97.871651
43.041143
74.894659
63.820216
72.693053
54.524857
80.659159
68.591107
51.313643
65.442876
23.262588
71.194944
99.716899
98.251972
74.474828
2.880446
97.196708
94.917859
30.737518
95.796973
94.111583
96.891228
51.228020
82.267369
91.834634
59.073175
21.234500
91.351628
80.377547
48.808401
92.537506
38.233101
89.315340
57.267967
23.087811
94.443793
47.679765
91.364545
78.240207
67.770421
40.620069
38.168180
67.507111
55.152969
65.579113
23.398333
39.147669
86.103891
71.305259
64.761717
99.737706
97.107363
85.285286
83.896305
87.354851
44.191741
50.184260
88.346760
34.401453
21.423538
62.231102
93.353522
32.704587
81.124472
99.150996
90.694212
70.846524
90.958617
46.122229
53.543067
57.340562
18.952440
83.598624
98.121659
73.238856
39.600000
77.359809
46.632821
94.097396
67.251617
66.041729
62.626831
95.043885
57.750671
61.463241
47.539457
61.149080
70.555014
73.862237
52.843543
49.592036
67.639559
61.928346
83.000241
64.288802
65.071499
76.204921
37.012701
67.178047
89.772323
93.686925
95.383804
35.614604
89.875636
26.444300
56.211387
73.470538
54.045999
52.853761
25.491273
35.765906
97.494769
66.769529
91.567516
11.095900
96.210291
51.847083
95.833971
89.568186
58.998729
50.998529
49.740426
48.015831
94.363923
93.989787
65.983862
73.690366
81.362030
93.382868
55.275040
31.335874
58.483587
73.535570
59.315934
58.887435
45.666837
18.228384
67.287592
75.630615
76.099343
35.606881
93.145317
91.107299
84.583273
52.478091
74.977930
60.759855
85.811946
38.220021
33.343515
76.961419
94.042437
28.597989
74.263719
47.422568
85.591004
71.212429
43.130500
70.715628
82.190754
82.041819
74.350656
96.839558
66.197432
99.911211
41.463478
70.623721
91.602456
88.034652
76.634979
78.626268
49.135934
88.479320
71.956654
51.340919
37.975255
88.267548
77.837459
89.684949
72.082800
88.969433
82.171893
67.613830
73.226020
99.638697
87.437921
78.039477
85.287631
61.568742
23.285360
53.745511
91.286801
86.090418
77.665179
87.927015
87.284306
69.971851
89.546803
95.726224
33.343065
72.582023
41.974635
42.005714
75.313080
16.925631
69.434213
91.529940
66.788697
38.437742
40.666817
72.643031
27.676741
64.789968
37.254396
79.452061
80.044050
56.632588
64.859772
59.400673
50.144691
30.915190
57.216868
47.572261
79.068831
73.419956
89.677310
46.573598
78.229790
84.954164
97.810940
47.628353
77.590334
50.051174
59.426762
67.792035
31.707255
83.034932
29.060557
61.500325
94.880135
25.973660
92.332714
72.036241
72.219111
93.042087
72.552464
98.503046
75.671064
93.773610
46.960941
70.605524
71.887273
69.281094
38.310051
83.624219
38.711497
81.259584
92.642701
94.570133
60.256618
62.500000
47.855721
29.769464
68.639493
64.036708
20.929548
47.274517
40.965229
67.941151
34.523470
42.261803
90.878050
77.833605
89.489329
78.285312
56.704321
31.089661
71.359302
60.858442
94.077149
22.732686
73.794512
68.526491
59.932796
98.365543
28.498053
98.119519
91.479451
95.639845
57.266046
83.229802
74.259680
47.257380
66.874509
65.362374
59.387793
82.364859
90.087735
48.209439
44.540992
58.210480
99.208770
29.472462
94.896786
60.871422
73.647878
35.942732
51.424702
78.618128
28.539464
96.529011
71.841075
57.530861
88.311607
81.926797
92.537938
53.745698
92.905221
87.669322
83.896365
87.833308
26.881574
71.073624
99.739962
84.383529
74.241835
87.866660
96.726418
79.587059
84.510887
84.487691
34.275210
68.250201
92.416286
68.566537
77.174672
36.025546
52.978958
58.054716
74.217383
81.478341
83.089711
62.644952
84.554598
36.079357
89.050491
96.464968
85.989534
66.230280
55.555468
57.565788
73.491496
67.902725
57.645034
94.300689
90.448881
89.545687
75.706076
88.574940
98.316886
99.596787
85.719659
74.162524
99.050139
47.716035
80.776729
59.875454
65.661404
44.633508
45.208185
99.289325
98.320496
44.295711
84.694923
22.835192
62.784712
43.363233
58.344323
45.573347
83.836508
94.645338
51.928990
46.637431
77.633434
70.423576
63.016982
54.849977
64.987768
53.484951
93.579645
37.510798
92.283639
54.556026
60.038238
48.113823
85.264999
94.219106
99.094854
35.003286
49.082380
96.907224
68.910304
16.593824
88.791328
68.167221
90.560035
78.945488
88.535586
49.944169
61.341096
16.465024
79.551870
55.362984
67.268418
47.825098
39.677450
96.478547
37.721744
72.151438
66.267866
82.307229
93.385438
33.402245
41.832404
36.628541
95.803706
22.275412
97.640821
57.755519
55.715168
43.542967
77.029280
67.681017
90.495525
99.428416
64.165177
85.394731
31.353867
48.706776
45.318208
84.512721
47.761805
99.583583
56.031420
76.736302
85.812353
52.873717
78.720645
44.348732
78.806599
97.968668
34.553147
78.604389
67.021862
76.591057
55.502883
71.519508
91.715538
78.614820
46.337782
88.285729
6.861261
34.945672
68.715791
19.002631
94.884351
64.481780
42.740379
45.147536
87.537878
7.310198
90.277738
90.375107
62.131554
25.327179
33.562777
48.623348
75.455749
43.567878
47.954979
26.417097
94.824364
52.554733
31.904232
86.177897
97.147620
93.504225
65.719251
99.229683
26.542287
20.485776
57.758722
96.688572
57.152428
91.148176
48.455959
50.128036
55.150612
8.692307
99.360707
89.439085
71.694909
26.293041
95.275075
53.958688
65.669171
95.440505
55.486215
63.516376
70.883355
76.657420
63.649666
99.598092
42.539394
62.271342
53.376587
64.269199
42.417567
5.254160
63.060923
77.321342
46.171311
94.506190
19.138391
77.728116
46.982976
98.670867
43.421654
93.078408
94.638417
27.127680
91.961405
71.055753
85.298300
66.563053
75.639143
86.606928
72.482757
99.173283
49.879655
74.309219
76.357711
56.152026
57.606684
66.759269
73.700407
36.872212
13.845649
43.900114
27.220544
57.263950
53.964803
72.895885
95.639532
48.662306
96.704550
72.627336
49.248350
61.052436
80.467323
71.981595
54.659766
63.634425
85.652904
56.275927
85.743396
62.672322
70.330363
58.292367
10.854170
8.844863
69.556452
62.385655
49.012753
67.622334
68.084506
93.973826
63.087162
40.798774
76.523526
96.185966
63.446355
74.204313
63.570276
13.337429
98.757076
89.841583
88.367641
56.679802
65.153204
68.924742
60.987458
55.249072
51.438215
97.282373
95.693991
85.855227
79.819233
95.930913
20.743722
45.749426
84.573755
75.704293
57.115322
84.801769
69.099059
89.839301
31.981714
27.251404
39.220275
54.596154
85.034816
10.524638
40.871873
78.954481
40.283123
56.584715
56.787146
94.069177
72.853620
75.187299
46.613517
92.652577
98.821607
48.218461
81.033203
34.237699
38.196335
26.961695
86.951193
97.001289
36.127137
77.301940
40.898411
52.145661
32.563476
43.279441
36.637276
98.968379
13.799710
24.438310
87.482284
80.833471
88.558738
38.535179
88.207199
83.492455
38.110628
29.159304
20.169408
84.648745
95.365403
47.191737
12.556074
98.535222
49.289958
51.338192
81.946507
53.974624
55.787275
84.399111
98.830916
55.998125
56.704233
25.467273
26.679843
58.817514
62.415142
64.683228
95.571387
57.211188
36.311018
99.311681
65.113593
89.095623
66.942438
83.815094
92.814600
69.144559
61.608847
58.598549
41.169042
78.066318
87.902218
65.793769
67.383232
46.937725
91.373519
60.230391
26.947096
65.841628
16.672102
40.638159
77.782774
70.402699
67.365793
52.112091
48.283641
48.071613
94.892202
95.941597
69.576505
29.377287
69.664051
75.489536
87.253997
77.419765
90.504254
80.715488
86.574765
41.627755
65.554786
83.154254
64.159489
70.976968
95.469314
74.557763
87.619461
14.214711
77.377193
86.352881
82.254787
59.801338
72.300069
72.406491
63.573265
80.173998
56.566951
96.797211
81.432119
21.749874
25.922211
60.334401
38.795103
74.674159
98.482130
80.950046
68.437855
98.372862
70.477869
50.943596
91.709869
92.564248
69.067069
61.656468
46.219044
56.043019
87.905176
55.123135
94.861952
51.942853
79.507421
65.598780
61.934078
94.218682
91.953358
15.576296
87.938956
53.976940
86.232998
95.500785
81.215454
90.336427
80.365975
34.926208
43.833549
51.364190
39.673039
57.576645
79.760015
20.745120
55.253145
16.199815
26.905520
81.858659
33.060551
10.903440
89.962659
61.484632
80.292092
40.272944
97.521998
60.406622
89.501229
44.043842
57.474777
96.702844
98.355427
86.065789
69.127202
59.229047
17.547023
69.613145
81.053994
88.327742
68.513794
66.188745
25.808313
67.968301
55.209148
92.665582
16.096956
69.962418
76.388874
56.526896
56.234420
94.806223
70.664418
71.332952
23.023358
94.754419
99.581876
86.288817
28.848033
83.281511
15.432336
52.000481
83.481555
27.959632
93.422107
79.156238
88.033630
53.810222
72.535164
86.496358
59.656601
67.361933
63.187341
65.259329
85.363458
36.428011
53.150541
97.470970
79.656324
51.045078
47.996042
83.380034
77.995641
47.803870
86.424418
66.767956
70.698656
79.705332
62.814091
62.841388
38.155865
93.604060
90.643808
37.618480
67.121010
96.867487
72.288796
88.080702
47.622579
82.276910
69.566731
89.670006
11.824974
11.433591
84.478163
64.094852
75.411869
25.505744
60.593977
95.235183
70.974925
64.625846
66.499474
60.093594
63.830400
84.582090
97.659562
70.043843
86.373549
82.133854
97.230962
32.799543
32.499846
47.265209
82.389380
77.985896
82.037065
48.898466
81.385564
55.394314
52.946294
72.614530
32.334192
40.625977
96.848335
53.767090
86.148767
70.726021
38.435140
91.082600
40.246366
58.434750
97.630118
90.884707
79.075407
53.435475
99.386971
75.298008
47.278959
92.834153
75.826381
64.894761
98.947158
98.013264
90.091898
69.438966
97.037467
96.453408
99.458735
74.561116
78.560041
85.855518
85.649226
50.502574
79.638684
72.857875
77.732876
68.120848
44.514717
63.689403
69.639500
91.200110
38.586267
63.282383
79.541121
65.871693
83.138800
30.928919
86.853843
71.499930
37.892479
46.647937
50.457804
21.296361
50.681851
35.432612
26.528174
88.462591
73.199385
66.153685
51.450073
99.623742
87.203956
96.214864
86.697751
99.424393
27.536576
64.236283
26.505792
88.744972
79.551996
59.309864
36.814671
94.567542
72.879558
96.111654
61.908642
76.131400
56.017944
22.037060
44.844286
95.083384
97.973160
77.894929
92.105917
46.717770
45.781110
76.841265
91.051030
69.448326
37.684347
88.287145
65.233350
20.131145
35.491689
33.519248
57.221237
26.494924
90.483866
66.220843
46.187228
61.404560
32.436862
59.540574
47.292600
20.273579
89.343383
86.343442
97.102472
35.914621
93.430455
49.370031
73.314255
85.540458
98.226829
49.337714
42.852655
60.133518
68.995869
92.799515
87.855962
87.259441
44.156879
29.267713
82.859037
21.252129
30.629087
85.665396
95.529734
97.764820
24.189440
65.237949
20.477744
88.349986
28.309786
99.385965
48.634042
55.090925
96.865835
99.521053
62.455424
93.023115
77.190025
32.667109
74.164210
63.520233
56.754559
81.958892
84.031363
93.752067
65.307044
44.979440
56.089839
77.052904
75.617789
56.960074
97.659869
77.066335
21.176001
81.538335
35.655014
79.694040
60.570950
46.079714
83.250465
56.633647
78.691423
68.302928
97.901634
22.231014
79.510377
46.996702
38.353879
58.044466
74.432385
61.292740
24.432826
56.131987
73.995203
56.682449
96.109677
86.279604
64.267254
87.324739
59.631787
69.068444
83.882298
89.551214
48.749667
49.125757
32.641232
83.785977
81.904762
88.868217
65.579646
41.912528
64.193536
91.848571
80.807302
82.050350
95.613231
88.447951
43.270429
91.286856
87.654378
54.989817
48.455650
44.171597
50.739925
16.780405
50.523064
35.982218
20.960892
65.568438
83.406295
99.037872
37.460513
71.866473
67.569964
75.176060
61.514795
94.524177
86.419963
39.095908
96.492331
78.335624
74.710575
34.090175
46.061806
95.780739
80.928672
81.122500
66.733949
92.796606
92.748854
98.832282
88.081950
77.523738
94.509999
49.114458
49.277581
46.249865
32.961948
24.060486
98.464359
87.621230
73.245341
86.717588
87.290950
67.069889
64.340578
77.677217
95.732335
27.006147
88.813907
45.414535
64.692813
5.418099
58.162961
82.801630
26.019781
93.976593
51.869259
89.225725
65.994242
92.209381
51.478054
91.226641
53.077773
97.227414
97.369400
62.265319
16.763204
53.460827
73.732964
46.116808
66.187612
90.441307
71.164528
85.071676
73.756356
10.382004
39.512530
98.796204
88.739732
26.347258
83.995119
79.896433
80.665854
53.288085
73.613042
71.799025
41.162240
81.687759
34.957975
95.320040
83.217726
40.927741
55.596942
29.124783
81.187006
22.995760
87.309221
89.529604
86.181785
23.732573
79.282911
71.167338
62.781924
77.271211
43.023133
98.031883
97.400924
84.095838
31.531127
98.621701
94.109192
42.771018
77.841377
90.883717
57.525560
86.874047
63.623345
59.963906
49.942867
38.722474
29.294095
53.154210
77.675028
59.729808
38.472588
82.108099
91.764045
75.467410
36.976344
97.085735
82.181750
43.039517
56.630999
34.346907
85.689789
97.406211
65.251207
97.783843
56.824555
18.309096
63.994531
98.884630
40.630161
72.016456
85.748586
93.757186
21.622928
90.161300
71.164176
79.829631
84.209857
59.160375
60.449731
74.962124
61.908077
67.943506
80.294458
89.974552
98.369812
70.958861
76.685005
70.940961
56.610335
42.840401
76.391753
25.227782
81.612009
58.450492
19.128277
97.582632
50.450471
89.769705
30.200215
94.247016
90.243061
55.145716
30.600523
89.083276
86.257811
32.173125
84.127938
40.952411
83.853503
82.631471
86.740648
69.256119
57.605208
41.834555
66.355783
53.056008
25.101335
98.518171
76.785155
58.043863
65.867443
86.283312
70.397372
44.827893
66.284689
64.957140
77.502903
67.494741
70.428190
69.845258
25.435546
59.838867
24.839364
99.083652
62.266283
47.388395
52.811173
70.997042
84.079546
70.288050
59.196115
68.369584
51.449587
96.003958
77.880999
45.691903
94.088097
71.453271
96.597515
86.772231
83.803162
71.671961
72.906104
65.189646
67.542431
56.555283
85.010999
45.041203
80.988765
14.132056
81.278041
95.066030
64.228965
70.070536
20.092984
73.898376
50.886737
31.659122
74.700134
70.151764
41.262331
72.119831
87.721890
44.338245
24.015891
60.484709
81.672884
20.847518
68.128482
97.797546
90.369021
72.955877
79.311664
41.135751
99.510100
85.041284
92.739636
31.786318
36.926278
84.533425
33.584074
80.573383
47.172662
99.949487
14.313770
59.045830
77.958899
78.351069
79.150869
59.356718
69.423555
58.844881
88.647109
67.841064
52.137510
82.217577
27.660477
95.254186
76.991428
81.139017
98.048967
76.476271
88.140796
16.674921
56.901494
86.281110
92.732357
91.287403
96.472898
56.292007
88.227773
89.966660
76.113665
87.999830
53.843384
73.195150
63.754843
70.953083
46.180407
55.885687
42.233281
88.546937
79.064025
50.502970
84.538689
77.958386
68.654716
96.371728
71.595321
29.514386
23.785836
93.923905
79.790100
32.976204
80.655626
71.749286
42.894988
67.998824
53.526255
54.727598
94.239217
58.928686
61.973623
34.163284
77.148947
67.989484
40.160428
85.982091
53.411796
85.938117
75.618979
79.088684
90.434617
68.106608
96.926106
78.877817
91.112458
54.805657
50.591205
84.093817
72.435627
70.366967
9.390623
45.880061
91.861200
74.708567
78.072210
56.940846
52.271503
43.215044
87.998182
89.925525
38.160582
69.253231
80.509130
90.723040
54.128920
59.822237
84.483785
9.909874
23.278960
88.793693
41.906563
76.239688
23.473858
32.123045
54.085303
64.015623
71.624158
15.768767
95.536171
14.310136
41.706235
64.904006
99.593524
79.889987
96.023383
93.541702
46.513224
40.941544
45.372899
23.876453
37.762283
81.501718
31.445175
93.494224
53.641122
99.681744
43.394815
96.848748
65.088325
52.091554
78.900063
84.820045
83.469575
85.279951
42.373223
82.112179
98.443283
89.456805
91.474204
55.987677
59.512604
78.855945
16.646111
84.284518
70.177846
57.790138
16.106955
17.390946
56.438905
79.048782
45.359343
99.189616
83.862089
32.193322
94.312459
74.986465
72.937850
45.179863
82.271806
27.411038
90.463529
50.550964
92.815678
90.333604
88.692897
33.819373
55.338594
94.891780
87.947030
82.357574
89.214909
44.858667
26.472590
91.212390
95.567306
15.575815
86.476124
69.149259
68.575725
84.416231
91.564240
9.549885
52.954698
15.168190
82.816363
40.618592
96.985669
18.475362
83.014336
58.133983
14.269128
45.123497
35.411721
75.762590
41.746736
32.587421
89.724634
70.639437
76.211941
96.913312
66.857386
75.965848
99.774897
64.665988
41.524812
23.196163
56.698501
98.748266
93.866821
78.517068
63.548879
66.409487
50.521679
93.914589
82.917851
65.880877
84.843385
58.994491
65.719023
95.847222
27.451321
73.040742
67.405119
41.747934
53.079186
44.456608
85.227343
32.137984
95.307607
83.757985
88.759338
96.493627
19.118656
57.800260
7.351422
91.142581
72.652323
57.752662
87.233422
76.104073
56.719221
96.206029
94.606607
97.924716
80.276771
17.826413
30.681379
34.996428
66.484810
29.637611
55.316815
92.556415
19.965871
99.336448
83.298679
91.016482
96.121434
73.307298
13.494999
28.550744
11.907981
56.899209
55.013180
74.282501
95.545853
36.160061
77.867002
72.962045
37.525192
81.612560
70.163167
93.591399
91.841113
59.351917
71.389495
78.589058
63.484092
77.617717
63.350217
25.000040
66.450734
68.583599
72.421889
38.953049
44.414074
61.029665
98.292472
96.285097
68.123931
95.458054
97.213631
66.443736
95.074445
32.350889
99.543558
95.640316
69.074380
25.697860
94.873706
11.018666
23.727537
47.669068
34.229373
44.455596
74.810962
59.025164
71.762873
67.359483
91.960100
31.691324
99.308962
71.806546
99.597189
93.381690
96.622202
87.453531
44.620063
43.957707
76.738517
55.806989
64.277523
99.375953
94.396769
54.048034
80.179736
92.935569
48.941904
88.910123
97.530867
52.317014
43.323204
71.615361
95.266258
68.464516
30.040523
84.802771
87.718128
29.558840
68.559317
96.681746
31.803931
9.185831
90.365314
64.580880
82.344581
45.961941
68.867844
43.217589
38.294255
81.647290
15.486607
30.070900
88.732970
23.384482
25.348353
95.700418
89.771209
73.946061
31.226751
93.112942
83.918711
26.987145
25.435487
59.353601
92.481025
76.773954
66.727880
71.384662
68.415130
85.911990
16.097049
70.284920
78.253882
24.373100
64.498682
91.557905
24.032416
83.703465
66.091906
72.880862
49.411436
63.935593
55.306781
99.576704
8.059516
41.379947
92.931588
5.018107
56.773321
49.073109
64.016014
77.229981
69.337075
42.031060
38.494805
73.363888
98.188441
76.261720
83.297839
76.179262
75.542174
33.985144
43.009301
97.897395
81.538396
38.801031
57.246310
94.531106
97.579660
51.517473
81.583148
65.097619
55.554208
30.432762
76.502222
67.372695
91.327488
47.579723
90.069029
75.145925
87.656089
89.989055
59.644866
33.252368
61.652818
67.766437
50.511880
46.916948
74.765567
96.596998
75.820644
97.700665
99.065433
56.897100
95.120135
83.474008
98.017447
43.891799
92.252154
72.329109
76.203937
94.832220
88.328931
90.987746
36.313634
54.915754
74.519192
33.138045
79.205050
87.374081
92.262452
84.705726
35.149395
69.165309
45.551619
61.166085
99.027521
83.834122
47.549448
98.779755
58.043174
53.559033
44.915921
84.641479
91.333291
7.150371
96.462739
9.320917
13.580059
97.515024
29.302679
35.871576
82.448105
93.304287
80.521860
52.084547
62.891573
86.670064
95.745757
62.784154
25.126898
35.894986
70.877077
32.465366
68.075840
94.868751
65.762831
77.503484
77.756479
79.573111
99.558927
23.761145
95.399423
37.336711
97.286844
60.517931
65.162489
71.070739
54.874767
99.586294
47.860004
88.105789
80.266992
63.630889
98.066100
46.744198
59.986999
94.639844
72.865698
72.070452
90.172390
93.023653
87.299255
94.345058
94.673861
58.552114
16.613669
94.739538
51.292105
84.710330
66.123823
78.884409
76.370610
79.584735
30.416065
93.705816
92.363683
36.596448
97.765331
47.771540
74.796992
91.221434
83.149444
26.861366
82.449621
55.221373
35.659080
34.966698
96.773292
93.038379
60.870765
64.608746
85.661368
87.101435
94.486719
92.423103
76.908907
55.469090
46.816770
88.027553
70.358866
30.846993
49.822686
9.215080
84.919374
16.873470
72.026453
39.861887
76.191141
78.338688
61.254306
36.762073
62.079304
39.568548
65.073958
34.828437
84.563349
78.873506
82.934854
41.993690
92.667416
76.978698
59.286255
65.671455
65.090706
89.178977
64.788039
84.719419
17.262358
91.103019
63.425310
27.581425
75.337839
54.602289
92.340240
92.738288
82.656095
77.260663
67.649760
83.638867
52.147483
65.535258
61.726737
88.937281
26.856303
47.268488
45.274275
15.878980
88.001364
86.378585
36.945906
38.975505
37.003243
53.015658
93.872786
70.931939
40.759171
41.376443
61.101964
90.431189
65.338503
32.140784
45.411232
94.774416
60.891707
83.454958
79.046885
83.771117
69.025575
86.194895
93.260120
90.025774
68.303367
21.653429
17.836620
83.994940
76.903121
90.475577
95.856351
13.056454
71.441375
26.682016
73.534006
98.513857
40.993292
58.242768
55.276487
60.755164
88.636618
57.461813
66.592417
38.759515
95.848787
75.941227
84.419547
88.072640
91.819932
90.454464
71.003944
59.786286
70.582080
97.816921
44.018292
73.986756
47.379426
91.959719
99.444256
83.921630
94.624627
82.839000
68.676634
99.203780
65.274497
23.610294
94.802004
38.704780
88.901069
49.927447
74.989399
52.256291
71.922250
97.202058
81.001728
74.032088
70.773795
71.846016
71.837107
60.275368
42.975807
34.344286
66.084491
93.919700
55.805286
27.955804
71.591689
45.305408
87.933043
73.571802
56.189946
70.337330
99.312436
81.766436
86.272591
61.746498
94.608139
66.024692
78.073555
81.544773
94.993421
46.910660
75.266991
60.258443
86.761685
78.358918
83.814378
81.938514
28.794461
71.015139
15.787717
95.766852
43.080738
54.237902
45.081371
86.071714
45.092904
69.782519
57.980514
28.139705
92.184977
84.379441
62.924637
86.152365
73.837795
45.247873
8.848305
76.566376
97.763439
77.632596
51.981150
56.670363
78.799683
34.341811
38.453608
46.577248
43.104060
82.324601
81.982071
28.030037
70.538713
82.533387
72.338164
88.545073
27.408320
75.400995
55.341395
65.450745
88.685117
88.932053
70.656139
74.026819
42.538571
52.306883
64.160112
80.163146
62.594009
99.714643
47.016699
55.767105
96.679315
56.318203
85.829016
27.542640
98.727099
92.256436
92.227762
98.388363
79.323578
58.853717
73.793563
48.721556
79.562491
39.707430
96.529788
87.109701
56.372866
31.770269
64.170944
98.405234
46.176617
84.657368
60.287727
82.789190
77.341580
68.679327
77.900193
47.978016
89.062057
62.967293
88.036981
52.725705
59.511680
65.843679
70.114335
59.795234
53.630122
14.061259
55.302712
48.048725
43.723792
33.457286
60.337053
83.119071
76.433304
85.985115
39.198087
61.828877
6.885935
83.200962
68.840468
92.812230
85.312016
61.479021
69.538550
46.469560
58.775250
17.698446
67.357553
63.961160
88.942285
75.216355
74.337676
83.826607
33.112082
85.898079
10.972967
60.521153
29.799312
67.786134
86.417128
57.895509
72.156843
86.464444
29.263373
50.900491
67.169710
96.494352
51.346860
40.753650
63.642596
69.395605
91.365420
93.394165
92.444362
44.347717
68.228660
95.358377
98.733176
92.940465
87.514799
45.903050
62.481917
65.801596
42.860355
68.272103
93.698079
64.643252
47.998333
26.564563
17.062561
55.151428
38.548022
65.554176
75.063107
92.089304
25.984187
87.819759
28.667612
50.230071
71.513495
63.917916
70.311592
95.125496
64.353632
65.508167
65.123268
95.296590
41.330739
11.798135
97.287975
86.248942
71.937890
85.364923
73.887753
78.054468
81.650230
90.560974
95.050671
70.310668
83.546574
58.672566
87.065780
68.301977
85.964528
45.132139
66.070795
91.464146
47.190677
91.950802
48.456269
54.181178
93.342970
88.741535
78.439021
89.919520
57.579597
45.182851
36.733500
92.213828
80.141562
76.753567
44.171710
52.747796
51.086789
62.240582
91.955043
73.549371
87.553469
77.402649
60.553530
81.993109
35.512955
80.906427
78.460946
76.902601
82.609624
82.914534
71.194241
91.251959
22.875970
72.575478
76.312188
79.839276
54.675954
62.284187
98.335090
13.577997
92.575645
16.437883
36.280435
50.411903
51.187987
89.163838
93.649293
23.564040
48.185994
63.722210
72.094452
79.051882
19.387625
86.066602
85.215316
80.635724
34.763055
27.809099
87.356511
83.563389
23.227677
88.259107
32.198602
68.079219
82.171650
61.800324
25.188747
59.901920
87.225054
34.287315
93.420554
37.306300
35.734857
46.098698
79.405227
36.835445
67.350056
83.859645
64.819442
75.027195
89.101347
39.663837
32.941008
86.727389
78.851633
94.009361
78.811294
44.292212
44.281712
79.715369
28.237209
29.874906
20.589949
72.517860
72.898285
71.107665
35.921303
81.892307
60.360086
60.462220
32.413423
89.347132
93.672141
50.317790
57.160738
66.445843
60.768989
77.757122
89.138095
41.091483
93.946687
90.397732
51.678913
81.604902
61.577837
96.758049
95.796503
85.670590
64.890600
27.428744
67.136726
69.758584
85.460049
92.194468
80.476829
29.790149
73.686702
86.662333
81.407801
61.616719
98.728871
65.741996
7.221177
80.048673
75.293957
42.741666
62.313482
33.459677
78.916918
44.566355
37.490265
50.403869
95.170951
97.674050
50.270170
53.001415
57.773870
93.480319
96.072577
87.396281
60.575408
36.789129
85.653138
62.451181
99.055187
95.049513
35.926453
55.070863
47.057305
84.958107
29.745134
19.474907
66.578825
32.363405
59.676042
60.536766
51.916279
99.752243
90.387831
50.259725
72.052203
62.325276
76.301966
16.247307
81.367438
58.338752
33.161273
46.118434
83.263618
4.646407
53.365251
62.227084
13.445334
91.209978
43.240028
62.988570
53.354944
73.168914
97.018606
87.601655
87.675766
78.188362
90.492210
98.965347
9.246297
83.050888
73.467340
70.729909
27.417914
67.239349
81.207943
87.065780
68.490802
38.270093
74.394019
88.942566
80.607568
69.226223
60.845542
51.005588
67.924517
56.563858
58.582591
15.056792
16.466967
86.042838
92.004837
96.747041
57.413849
42.739794
34.099267
50.304274
22.046428
94.656273
86.584121
94.319457
88.092281
80.812004
97.341204
39.991374
97.574331
72.042626
24.588493
37.545306
44.820643
58.798384
77.104085
90.783093
77.680049
81.718480
75.435867
37.962613
40.032862
73.521493
93.051814
75.789511
13.987816
91.835015
68.299122
29.151226
49.842251
52.705313
85.924094
72.698074
72.186564
97.542145
98.157781
68.347421
41.911454
51.396790
88.284767
84.403377
43.096752
78.319985
67.355995
20.973078
53.868451
25.740726
77.888061
21.337807
47.505894
11.141095
78.439085
91.123872
89.208632
56.619520
96.654126
37.398128
81.397850
80.957520
71.569197
89.331965
56.159950
90.784195
96.932193
78.128420
29.062244
73.704342
33.378436
70.318632
75.714199
92.227328
91.547037
84.102675
17.666862
75.921604
83.841279
50.363578
27.550917
86.075897
63.291706
78.207353
90.329508
73.604687
67.135535
46.095228
30.522238
86.668968
76.953298
88.610722
78.843833
90.839144
84.294424
55.304792
78.567614
85.902794
60.755000
86.929282
73.515849
68.925394
72.126625
64.821293
98.133735
72.923659
85.077259
37.128964
97.180759
83.138439
99.636088
94.916121
73.866907
66.007500
89.200000
84.990588
60.133684
71.202036
83.577150
96.130120
58.884803
83.132785
64.215574
77.902824
95.839762
82.049375
80.011249
71.610334
83.023972
18.319580
23.362320
56.772793
39.463401
68.008088
64.108424
70.368885
68.119234
91.807952
34.088561
16.049953
97.486255
80.459990
72.749089
99.763771
83.139702
59.293001
88.145108
54.226285
29.257085
80.045737
88.434948
55.696948
88.055494
87.144994
81.159473
73.040605
64.214406
58.525037
83.879735
28.466050
94.729826
41.023286
68.333228
95.575625
82.662507
60.747263
40.546763
38.188349
21.297206
56.280725
80.789975
98.096891
61.104173
52.030280
95.568039
50.011399
81.566047
85.822491
44.245904
55.636948
75.006666
78.908491
97.898927
39.835537
23.118413
51.762824
50.821944
17.914268
60.918224
36.581416
32.945409
48.222298
52.882511
42.760613
32.797713
95.731134
83.185636
43.238062
34.233171
78.952201
74.676301
70.703465
88.821000
57.237138
36.139452
30.386263
91.241493
91.848408
78.232666
68.375361
76.625322
35.329025
86.547501
48.874022
79.429025
69.439830
39.496709
93.908519
88.010511
66.460515
80.284992
49.818671
57.676772
19.624041
49.202032
83.901073
33.112686
89.324801
41.225114
60.853348
92.336992
92.181397
77.567390
51.135604
87.793451
55.644946
22.255831
69.787105
64.310419
31.185125
70.773017
56.899033
51.470574
73.460874
94.617546
66.115051
81.746070
38.609325
62.109903
73.357072
53.255141
81.004753
60.288141
87.484341
50.663399
98.997525
84.731458
66.896936
67.918554
97.838796
61.492601
53.924577
49.203252
95.250249
57.431960
81.765335
66.462621
36.107340
43.967488
14.773591
91.002692
83.833883
39.687781
55.687252
98.359646
36.844403
74.996200
98.846750
76.302359
33.704451
50.606423
54.299263
62.428920
55.249434
58.011809
41.626074
44.210971
32.829103
60.524706
90.115149
72.400760
11.244021
69.794771
45.266544
92.780116
84.489171
73.613518
79.279379
75.834952
77.983396
17.352377
25.980647
68.056594
70.126029
34.002059
35.344872
79.028539
90.712678
36.701771
97.013040
98.183807
20.575106
70.666116
95.057088
74.563128
34.508115
62.210047
67.712333
97.296506
72.796566
77.614754
78.900127
85.860468
39.491645
44.242853
92.557982
72.325860
88.741309
73.789295
42.520113
79.812718
41.515780
88.771617
76.384422
41.322875
96.778717
79.901126
95.691274
93.177089
88.640848
77.135076
93.315808
50.944480
99.527333
70.117259
22.336249
71.761550
36.522459
93.405514
64.729514
98.877551
90.544078
87.949076
53.742627
56.732618
69.543152
53.307692
26.399735
59.779177
26.241322
58.489657
86.566391
85.583935
69.041944
74.055317
52.697343
56.560322
81.980546
81.076322
93.313343
70.108844
23.639078
43.101160
50.378071
73.020340
67.042971
58.071077
86.340025
97.060600
68.647797
57.544591
66.394277
92.815947
94.225633
20.115392
24.499469
89.283033
79.884291
61.715476
67.362007
64.521469
88.523613
82.551741
78.360513
34.172211
79.006772
22.503889
38.606865
24.215202
72.225826
70.167941
99.898098
87.090528
84.218822
94.117427
89.028928
69.768976
39.224355
91.731020
62.587778
82.981745
49.569144
80.788242
70.610198
79.239321
94.856207
65.905842
50.845845
33.845679
54.405423
88.455130
56.409662
27.170370
86.084900
13.768878
79.433305
78.824171
78.268832
99.605823
87.174308
49.585482
61.081667
79.945294
87.810364
55.648540
85.310081
90.267381
82.584260
79.685883
41.858213
87.450272
49.543113
56.012766
28.349744
89.043136
85.163490
90.039103
71.034428
79.143477
61.304812
73.098016
71.511398
95.161179
90.763594
81.365779
94.205095
73.777910
59.591694
66.689504
94.509206
99.624746
32.165043
91.234369
81.615317
49.784837
81.580635
85.842239
94.585993
62.571000
39.551359
37.056309
93.866022
59.635560
49.936660
34.004853
66.809206
86.600924
88.196202
66.103706
39.853105
63.152910
34.304081
89.130634
96.315938
67.713293
40.730946
54.588735
61.179735
88.806982
38.186909
92.717043
23.785983
94.552208
80.828151
58.274866
76.693090
76.917293
68.501606
80.055481
63.939190
27.381271
28.009748
76.544236
51.092465
60.603795
95.015736
59.136368
77.309702
43.394700
96.573185
92.000815
83.912335
53.083142
95.129123
76.518691
83.059256
93.417129
27.090349
66.576723
79.708030
33.794082
65.273348
90.031550
46.308962
54.943425
81.096116
50.002800
47.740025
71.160382
84.987999
79.140255
72.923042
76.058793
86.267375
92.993925
68.960133
75.542769
51.646394
14.559567
52.501048
78.740079
58.706729
70.358439
99.185533
57.789878
99.456121
81.920815
46.681474
71.456350
81.667864
81.038448
73.928614
87.212786
71.908275
75.564145
82.989578
65.403134
55.567347
74.272808
70.371727
36.732955
88.781811
79.173417
59.132817
94.287698
83.944625
61.800000
99.713088
83.445491
98.253651
33.022114
86.204872
87.116474
54.802828
85.280478
57.409755
62.062710
82.385678
76.284402
71.934832
98.996111
49.650076
37.055769
90.504475
84.136556
78.155038
25.541809
68.014263
90.120752
48.118707
71.223381
90.032716
75.218748
40.586328
73.224040
71.631069
82.581233
89.622151
77.599098
73.642583
90.924804
93.663493
73.209699
99.254521
58.386814
73.978713
46.151273
89.026794
91.795261
44.640453
50.658267
33.153431
58.877500
49.779313
86.001512
94.646025
70.412925
93.292819
25.074808
85.607243
41.673973
95.267098
85.409718
63.497480
68.268953
39.653751
87.215480
56.061573
52.265572
39.756257
66.895067
21.239233
41.506987
74.425466
80.791151
52.793181
56.090017
79.892803
82.432275
70.480848
98.297813
83.865309
13.194127
76.415901
51.155645
47.764631
66.552686
50.662116
87.709920
81.754694
71.232226
96.464553
77.528962
49.514038
68.801235
87.920419
90.202217
95.892700
85.124321
77.308538
94.632658
48.530506
63.790046
24.767519
99.609086
92.776829
83.274426
19.922399
27.098063
38.320230
11.844492
88.784852
72.908916
34.347926
92.965746
81.235460
52.399332
82.231989
23.226989
85.243651
87.952317
49.183229
77.400646
91.265875
56.682184
93.035746
74.174726
14.522224
67.136503
65.405504
91.063165
45.735107
71.830356
86.293337
63.860003
26.383953
97.866286
65.519692
97.649731
51.340335
18.146432
66.581304
80.857344
50.804823
31.975616
64.100312
86.476818
82.447195
78.778804
77.103761
86.515837
16.619657
48.077230
89.343830
93.980423
69.412463
87.191513
52.976032
90.335430
58.595307
72.717536
51.808204
37.812564
19.958081
68.129215
35.570493
72.622655
32.050429
68.727796
89.419517
79.386523
37.927035
79.180553
49.982497
90.391482
60.435089
76.733500
13.810901
76.039726
93.845831
99.739160
66.197054
95.521725
62.147164
55.572835
75.829084
33.663036
75.871668
98.090316
45.307063
12.229064
59.071482
83.505569
90.628803
75.362922
81.299631
90.075357
68.976300
56.846900
54.350989
91.554082
93.725077
96.385735
22.099525
91.434840
46.149648
73.741779
62.280816
51.155645
47.705555
98.600456
92.362438
86.399826
55.600540
86.159271
73.710854
85.018469
57.950237
41.889378
40.106234
64.472087
30.005999
48.520408
86.511502
87.012643
95.538788
92.338941
67.484517
42.374049
89.541275
49.581045
79.584672
28.636148
47.204661
27.414814
40.841401
67.037751
40.746165
61.525604
34.178941
62.953157
88.294620
79.781201
85.366973
37.509599
83.181849
37.085172
69.155911
13.000923
28.065139
89.809131
99.475675
45.728547
72.003472
77.192422
85.526019
90.390652
33.096374
99.307049
93.914163
74.906208
55.634791
40.031737
62.968564
21.073894
64.347106
15.012628
89.170062
86.116897
52.522662
64.975072
71.185111
80.637336
74.583309
42.682315
93.017041
83.568714
74.780078
75.716511
65.642821
31.937595
57.511390
14.558022
44.891870
29.779909
71.961934
73.275644
45.913615
9.711848
72.365807
70.788276
97.992296
95.056247
53.459517
55.054155
36.834902
63.031103
53.745511
91.644040
75.842534
73.050120
86.369902
78.898542
56.615016
29.003069
87.657858
56.892354
99.768883
63.278906
94.293107
65.059204
94.676291
35.010855
37.072092
92.509945
75.876940
56.342524
58.392637
82.303645
93.540847
96.658471
73.873947
43.595642
55.340220
45.974232
61.251775
78.160860
76.793294
66.728630
81.343408
87.945324
41.462996
65.770434
54.082252
93.015859
56.962795
68.768816
53.351289
93.781395
82.462173
88.010738
71.533139
34.430365
61.821679
70.671140
32.966953
78.297254
68.628493
93.577348
65.187882
25.142096
64.256828
71.599162
6.161907
90.256634
64.988307
63.976402
26.405871
94.979471
86.982987
50.055569
30.299620
99.800852
36.172365
29.821234
81.013517
86.384895
98.544508
56.519112
92.049769
91.347742
66.905456
61.877136
18.908226
94.131610
53.077962
99.176408
54.717639
23.092878
53.469243
22.441992
68.777613
55.488107
87.487771
50.663991
29.898712
65.755608
9.734449
51.213865
49.831416
67.596302
74.237390
81.305289
59.778508
96.140106
75.900066
45.591995
73.974590
44.751536
96.660695
51.918205
57.520170
84.194537
10.081468
90.573837
91.230477
68.118059
75.481455
84.289501
95.458158
98.896562
36.922893
53.996204
48.193879
81.873805
51.536007
92.966284
91.572321
70.217163
78.235734
53.344166
77.850819
54.592124
99.409255
8.592718
30.677793
86.714705
95.759177
84.229745
98.698987
72.427964
79.758761
84.051353
72.298824
46.836097
90.745083
12.263564
87.720693
92.637357
48.184956
48.590431
42.034748
80.953629
67.080027
83.677118
16.563091
27.635376
75.731103
39.481895
95.230300
97.502359
96.303323
60.537261
60.851869
73.761304
48.530300
61.078065
94.727715
69.854706
53.069106
64.002109
77.671810
71.510559
83.619077
83.575176
61.001148
34.363062
77.674771
52.650736
25.767751
97.266335
81.453852
99.527082
64.544248
85.676134
12.464911
37.050506
40.916867
90.518120
93.104887
43.133861
1.639680
72.017220
95.939460
89.444564
39.682238
74.681122
84.482957
87.960616
83.106017
96.512538
39.973241
72.557839
52.479520
90.230926
78.922620
84.648272
87.351245
38.818810
80.011687
79.180237
40.980239
73.292906
68.319397
85.584636
82.186921
77.989615
80.801299
18.236666
97.975048
46.975526
89.665489
80.952640
42.963822
62.074794
45.449202
84.204988
98.451359
68.471381
81.913979
57.182777
81.584741
93.009032
44.536390
80.889616
17.775826
25.953208
25.836215
94.027230
52.646842
60.977947
60.165605
97.874614
40.903178
96.050924
87.357369
97.313000
96.449261
80.578595
79.304287
45.604934
73.571870
56.453255
58.953795
60.059387
70.496454
81.429663
60.563603
85.145699
85.185327
25.076942
95.580490
49.966289
28.083109
70.878629
68.259651
12.131900
60.859264
26.096341
76.746596
63.043160
91.516283
50.210457
45.164920
63.854757
96.416129
94.893888
66.846167
24.089562
56.766804
99.996500
91.127383
92.811745
76.488300
93.039508
85.514560
72.127387
77.814395
88.195578
51.557250
74.762156
25.697821
94.759802
84.125620
71.360423
79.987311
27.093874
87.458219
75.852093
99.082592
17.083033
69.173044
99.954590
86.111265
79.986936
98.677049
48.636303
82.143776
83.447888
80.007062
61.349491
86.300116
60.228814
87.302577
92.499027
43.253439
59.077322
92.724107
51.045960
61.811649
65.092857
51.175873
83.825891
95.239068
86.640868
64.239396
86.542822
93.599786
69.426148
97.460607
49.308012
50.388392
53.600933
86.652005
80.428726
28.675338
99.873069
59.646039
58.896604
17.911505
45.423232
85.861982
77.077039
90.147712
63.106260
46.490644
79.386334
31.415935
88.625956
40.338815
92.975857
91.161779
64.285068
78.656405
45.568959
14.049520
86.687542
12.132601
63.197310
73.969250
92.861617
39.348825
52.240310
84.549039
74.251936
52.951204
63.410330
93.400054
83.996428
12.290484
93.798667
35.238048
97.940747
96.453046
92.987257
62.858015
81.833734
48.740948
89.918296
97.852849
11.512515
86.982010
98.006836
83.426135
72.773415
96.587007
57.742012
82.810084
64.334439
53.036685
79.531755
96.574893
63.083675
65.964688
54.776546
94.712829
87.078470
42.621825
44.818523
16.648063
90.529443
55.955339
52.211972
85.827385
77.487999
76.172567
92.207538
83.047095
69.958774
85.702392
75.770707
47.797280
83.541008
88.224883
96.977781
68.180789
96.844979
44.762037
72.142359
49.380765
57.260283
76.105716
86.577538
98.229324
28.705470
95.025628
70.465453
55.815320
98.805820
98.877803
94.722437
90.209035
99.048927
91.121567
29.046549
9.738290
62.289164
9.093817
99.479194
62.412979
98.408485
52.895841
74.492818
70.792938
25.832770
76.453842
10.314262
89.448141
48.470506
79.252508
64.004219
23.381403
90.651531
69.322940
94.137665
43.561910
60.843570
92.440900
34.769383
89.850320
65.127106
87.309221
90.022608
71.551939
80.370579
60.156213
25.734141
19.234552
89.696432
99.050189
49.523732
29.387021
66.937359
74.788903
89.130803
99.333328
80.501242
83.477302
94.654002
19.382337
63.072260
5.799871
73.226020
99.466879
53.153175
63.991406
54.524307
74.819048
60.749979
85.461161
41.163941
94.266961
37.734865
42.744356
88.141931
59.812123
83.297719
74.405376
79.510440
48.428710
90.115481
78.981580
59.761861
76.634000
60.202658
67.452205
91.941558
61.058578
94.736635
58.227485
56.036952
79.249921
84.764320
90.612361
74.843904
79.294830
82.382462
82.768412
90.171614
79.531189
88.090578
37.811903
98.599645
76.358104
65.553566
64.367305
62.887996
9.001861
43.928009
44.997111
99.247720
27.614561
80.085579
70.806638
57.598090
88.433704
97.476254
61.598133
36.956461
67.776618
75.943137
44.156766
23.441267
72.957590
22.334055
59.219591
39.397462
84.660853
59.390403
43.973174
93.086089
55.408483
95.834232
94.355710
52.890358
75.866000
72.114146
62.828338
63.266184
42.706557
58.507777
55.397563
94.432569
80.864702
50.905304
53.786894
55.932817
19.391725
9.334634
66.969620
90.600166
91.799455
70.340316
84.065272
67.742011
83.844678
45.673515
23.181674
43.716015
98.609381
89.689130
88.200907
91.200164
40.711301
77.545084
67.151917
95.270247
85.969064
71.748728
20.351339
32.704740
81.776892
78.192583
96.673264
59.059546
57.031132
74.786429
41.626314
47.652807
72.141458
10.874695
87.098048
95.069764
77.958707
73.985134
90.463363
46.721943
93.442068
94.355074
26.582983
82.163982
52.864733
12.294755
23.723512
95.219798
76.970059
33.888494
40.934704
51.757801
62.019110
77.481546
95.110042
69.155116
91.356171
19.372197
85.801690
43.973628
96.388900
28.838186
85.940503
50.670998
53.532140
61.091652
82.993735
77.266810
23.307038
99.336851
90.825547
74.846576
53.912707
30.414700
85.928400
87.866319
90.737148
76.961094
89.457085
95.865739
19.670003
52.661371
97.571154
69.058598
63.980857
15.968375
74.824662
88.868555
72.247284
83.209014
85.426811
55.987945
55.987945
