0.0782637 
1315.38 
7556.05 
4586.5 
5327.67 
2189.59 
470.446 
6788.65 
6792.96 
9346.93 
3835.02 
5194.16 
8309.65 
345.721 
534.616 
5297 
6711.49 
76.9819 
3834.16 
668.422 
4174.86 
6867.73 
5889.77 
9304.36 
8461.67 
5269.29 
919.649 
6539.19 
4159.99 
7011.91 
9103.21 
7621.98 
2624.53 
474.645 
7360.82 
3282.34 
6326.39 
7564.1 
9910.37 
3653.39 
2470.39 
9825.5 
7226.6 
7533.56 
6515.19 
726.859 
6316.35 
8847.07 
2727.1 
4364.11 
7664.95 
4777.32 
2377.74 
2749.07 
3592.65 
1665.07 
4865.17 
8976.56 
9092.08 
605.643 
9046.53 
5045.23 
5162.92 
3190.33 
9866.42 
4939.77 
2661.45 
907.329 
9477.64 
737.491 
5007.07 
3841.42 
2770.82 
9138.17 
5297.47 
4644.46 
9409.8 
500.84 
7615.14 
7702.05 
8278.17 
1253.65 
158.677 
6884.55 
8682.47 
6295.43 
7362.25 
7254.12 
9994.58 
8885.72 
2331.95 
3063.22 
3510.15 
5132.74 
5911.14 
8459.82 
4120.81 
8415.11 
2693.17 
4153.95 
5373.04 
4679.17 
2872.12 
1783.28 
1537.2 
5716.55 
8024.06 
330.538 
5344.5 
4984.8 
9553.61 
7482.93 
5545.84 
8907.37 
6248.49 
8420.4 
1597.68 
2127.52 
7147.1 
1304.27 
909.903 
2745.88 
29.996 
4142.93 
268.763 
7098.2 
9378.97 
2399.11 
1808.96 
3175.4 
8869.91 
6520.59 
1503.35 
6813.46 
3858.15 
3877.25 
4997.41 
1475.33 
5871.87 
8455.76 
5901.09 
9554.09 
5561.46 
1481.52 
9833.05 
4087.67 
1418.2 
5648.99 
2521.26 
4885.15 
4640.31 
9610.95 
1260.31 
1997.57 
3192.5 
6292.69 
1267.12 
6512.54 
6216.34 
8030.73 
2478.42 
4764.32 
3893.14 
2032.5 
283.752 
9016.73 
4264.97 
1420.21 
9474.87 
4103.13 
1311.89 
8856.48 
921.736 
1621.99 
710.636 
3653.39 
2530.57 
1351.09 
7831.53 
4553.07 
3495.24 
4523 
8089.45 
9316.74 
6516.46 
2152.48 
6795.92 
9089.22 
2501.26 
8608.6 
4712.62 
5059.56 
6003.94 
8175.61 
7558.44 
4622.45 
9513.67 
6327.39 
4393.3 
8246.97 
6889.81 
7022.07 
9871.45 
9544.15 
8512.7 
2893.16 
5374.26 
5144.35 
1034.34 
4140.28 
5767.17 
8765.66 
4400.39 
7297.48 
8692.64 
7156.42 
8007.2 
7065.35 
7417.16 
190.924 
8860.31 
5249.87 
4633.23 
651.939 
7134.22 
4889.43 
6676.79 
6820.49 
1995.55 
9166.34 
8658.83 
8900.19 
5439.48 
1391.95 
4503.47 
9893.62 
2155.32 
4460.23 
3157.32 
5146.59 
8815.04 
4397.26 
4675.32 
8066.5 
3651.58 
2115.19 
9991.17 
1536.04 
6304.88 
6163.5 
5.95042 
8.79 
7733.52 
7273.35 
3191.78 
4177.24 
6824.94 
6805.62 
2052.62 
8364.2 
7089.21 
8287.08 
945.488 
817.376 
7640.05 
6295.72 
2138.52 
2135.47 
810.608 
3888.23 
9521.6 
9475.45 
3898.54 
2692.15 
6921.69 
2840.35 
7768.66 
7838.65 
4224.6 
2821.56 
1939.67 
113.162 
1918.24 
9832.36 
2440.54 
8197.26 
1364.55 
3981.44 
6010.1 
1768.8 
8283.55 
1577.31 
9879.37 
2571.69 
2335.99 
1016.37 
2194.11 
6347.17 
6960.07 
7947.7 
6962.43 
7529.4 
6695.21 
6334.3 
564.407 
5982.17 
2270.08 
3187.78 
6998.34 
1174.37 
7625.71 
5261.23 
5539.11 
5879.89 
3296.66 
7029.89 
1430.45 
1616.88 
4853.25 
8602.26 
8132.66 
5568.36 
7389.97 
3160.07 
1353.32 
5285.48 
3107.39 
5881.19 
5180.84 
4308.48 
2588.43 
3702.26 
3930.18 
4468.66 
4758.96 
3878.31 
2792.93 
782.632 
3697.42 
2539.22 
6717.84 
6762.37 
5139.36 
7286.08 
7207.68 
9447.53 
4606.97 
9401.63 
3215.6 
4604.34 
5171.45 
6613.55 
4018.33 
6056.4 
9865.03 
1503.94 
6700.98 
3438.18 
5417.1 
5228.08 
8292.39 
149.506 
2742.1 
6429.79 
5461.37 
9178.48 
2666.13 
9700.87 
2467.33 
8439.75 
6940.24 
4557.52 
8171.01 
220.837 
1607.49 
7069.5 
7078.26 
4366.38 
5824.21 
7517.1 
9915.33 
6956.79 
2795.12 
7538.63 
1711.79 
42.5392 
4956.91 
799.169 
1630.81 
9033.01 
7829.92 
7466.79 
4364.26 
63.4169 
5847.87 
5184.78 
668.498 
5440.23 
3897.31 
2158.26 
3857.69 
6268.61 
6590.53 
7093.2 
5386.61 
2802.89 
8159.32 
3719.1 
6861.02 
3101.69 
93.4752 
1037.97 
5209.6 
7758.8 
2206.85 
552.788 
706.349 
1602.74 
7237.64 
2970.22 
506.026 
4778.04 
4571.62 
5199.88 
4464.9 
1503.12 
2859.42 
8336.82 
6956.37 
5777.76 
6811.64 
3311.75 
574.753 
9868.83 
5423.93 
16.5742 
8561.93 
293.555 
3775.5 
4896.52 
5761.73 
7389.59 
6793.32 
5362.67 
355.877 
1225.07 
9733.56 
1882.76 
3513.19 
6141.26 
6076.11 
1259.33 
5528.62 
9540.28 
3569.25 
8381.02 
9742.52 
2590.14 
2515.28 
4243.36 
8130.48 
8979.14 
2445.86 
7606.17 
6948.56 
4518.51 
2636.2 
6655.03 
1165.71 
2095.62 
1136.76 
5469.75 
60.7937 
1759.74 
5993.59 
4319.08 
825.065 
6874.14 
3753.1 
8362.07 
1236.37 
9733.46 
296.353 
803.531 
4942.45 
7694.37 
9340.3 
2501.55 
3596.58 
7691.14 
4999.55 
7492.52 
6719.03 
6816.66 
7567.7 
363.676 
2305.72 
2216.67 
5626.02 
6526.22 
6166.1 
3714.66 
2248.01 
2336.91 
6530.12 
1659.28 
7441.04 
1597.58 
476.386 
6619.94 
1249.45 
9491.57 
4841.8 
6210.46 
9140.25 
179.445 
5935.46 
7218.72 
4965.82 
536.944 
4416.33 
5191.75 
7719.44 
653.563 
4427.9 
9771.8 
4677.41 
3290.56 
4459.3 
7432.74 
2053.41 
1713.79 
3725.2 
9397.25 
9648.51 
2549.57 
703.352 
1238.49 
5263.38 
1600.83 
5177.07 
1051.85 
8415.76 
3685.62 
4238.9 
3272.28 
7135.47 
5767.76 
8718.84 
7582.46 
8365.98 
6997.91 
3890.6 
9352.42 
6056.03 
3620.84 
5395.05 
4550.72 
4016.92 
2404.4 
830.857 
4215.79 
4723.8 
2897.66 
1049.69 
2163.86 
8020.19 
5274.39 
6688.2 
8636.43 
2437.5 
7115.64 
2636.63 
3828.22 
810.055 
4597.63 
2328.67 
7953.53 
4913.43 
32.2878 
2661.19 
6646.89 
4251.91 
1868.25 
9634.76 
1340.39 
7958.56 
9460.45 
1711.55 
6060.01 
638.036 
3474.92 
2924.68 
5096.58 
8258.37 
8343.38 
7264.43 
3294.34 
8020.84 
6317.63 
453.407 
414.204 
1533.15 
7670.65 
617.314 
5193.03 
9291.5 
2205.16 
2045.63 
889.927 
6996.91 
7064.61 
4946.31 
2617.79 
7115.71 
3783.66 
2006.45 
2326.08 
4360.96 
4694.98 
8611.87 
9772.38 
4445.19 
342.431 
5237.72 
316.388 
7531.74 
5915.88 
8228.91 
3295.79 
2320.78 
5365.28 
4306.18 
4035.81 
9873.25 
9669.1 
8505.31 
8675.14 
3116.05 
1483.9 
9975.99 
6395.23 
4680.75 
9319.15 
6907.73 
8154.07 
5415.35 
5728.07 
1592.16 
9452.5 
8213.34 
1554.14 
410.748 
3436.13 
1100.19 
965.383 
5187.73 
224.05 
5614.84 
8568.76 
5169.08 
6745.25 
7371.75 
6984.6 
227.995 
1919.84 
6709.91 
3458.72 
662.903 
1407.1 
9211.17 
2216.56 
3801.15 
5860.16 
1673.13 
263.397 
6911.26 
7623.44 
7136.95 
773.243 
5898.09 
9255.03 
9296.98 
4304.46 
5059.7 
8312.56 
9192.36 
6016.38 
7238.36 
5193.37 
4908.17 
1614.19 
9761.16 
5743.6 
2732.51 
5314.27 
6985.58 
6670.49 
974.325 
5487.36 
6107.38 
6679.65 
4951.25 
5715.83 
5888.88 
4413.13 
1512.17 
5022.75 
7313.64 
316.565 
516.167 
5220.63 
3206.42 
350.595 
2451.42 
1071.81 
3829.69 
5518.29 
5971.69 
6111.11 
9352.52 
7720.3 
5131.48 
4866.81 
6501.28 
6969.96 
4075.38 
4868.5 
4797.83 
7104.5 
5341.99 
2766.47 
6055.38 
2801.04 
7033.69 
5304.9 
9382.54 
2354.03 
4134.94 
5974.76 
7830.02 
9202.52 
6814.91 
8211.77 
5274.13 
2302.7 
1436.84 
8995.21 
2514.22 
6515.15 
48.1561 
9359.36 
2753.53 
8587.66 
2789.29 
9524.31 
5068.2 
1229.5 
4164.75 
7024.71 
4364.91 
1077.39 
7661.75 
998.656 
4412.65 
3445.76 
2970.64 
7576.21 
3385.1 
3307.58 
556.062 
5731.83 
4852.86 
2024.82 
1144.75 
9743.48 
8646.09 
4918.41 
3673.95 
8049.12 
1622.04 
1595.8 
577.229 
1492.51 
4681.01 
3806.08 
8837.05 
4241.34 
4122.48 
6512.95 
3083.27 
601.425 
8144.16 
8976.57 
9194.92 
9012.18 
7700.46 
1707.96 
5724.42 
314.038 
8032.68 
5222.15 
8616.22 
2771.98 
8694.94 
5868.62 
3891.72 
8118.95 
5256.7 
9398.71 
4200.38 
5798.63 
7491.45 
8807.84 
3380.85 
1895.49 
7431.26 
7189.19 
8791.62 
728.69 
7101.14 
8790.6 
3593.79 
898.531 
1610.29 
4167.96 
964.286 
6746.93 
5626.12 
8130.47 
8781.92 
7693.6 
6352.05 
8965.24 
8784.13 
4864.71 
1130.71 
3774.85 
3826.2 
6875.78 
1217.4 
768.218 
1433.02 
4776.41 
7085.88 
2380.19 
3909.67 
9758.81 
6287.67 
6811.99 
9086.91 
3624 
8592.13 
7942.78 
4288.73 
735.11 
4986.31 
4838.73 
4507.35 
4996.57 
7407.59 
9328.43 
3001.22 
1461.96 
1100.18 
803.22 
9724.76 
4081.77 
2384.1 
9631.6 
8334.74 
1980.8 
1294.82 
1963.07 
3391.19 
5756.79 
4402.68 
5856.75 
4328.77 
3682.03 
3823.17 
6001.33 
4294.73 
1487.87 
6701.97 
9954.01 
6980.66 
4027.4 
8492.78 
8195.27 
7933.82 
3742.49 
96.0789 
4797.79 
6390.58 
6464.95 
6448.98 
7990.35 
3773.64 
3576.72 
3895 
3343.07 
6935.89 
1448.97 
2915.25 
6668.56 
8543.65 
3146.99 
1441.42 
6022.49 
55.882 
9208.3 
3819.55 
5165.31 
3444.56 
2641.33 
2910 
8336.48 
1243.91 
6346.19 
486.975 
4580.46 
3768.17 
1558.73 
7558.56 
6659.73 
115.306 
7948.81 
5609.14 
2886.54 
4155.6 
3206.11 
5145.9 
7191.55 
8420.44 
2318.95 
4650.07 
3733.59 
500.431 
738.503 
2024.49 
5661.83 
8315.24 
4225.52 
8395.49 
2930.43 
1811.96 
3575.26 
9341.1 
5894.19 
3690.4 
4630.59 
6278.3 
9444.52 
4057.86 
504.816 
4448.5 
5959.27 
7483.11 
8641.72 
1310.23 
1045.79 
6653.08 
8333.78 
5812.85 
6585.94 
9820.32 
189.16 
9214.73 
1946.79 
9677.23 
5230.72 
2787.96 
7197.95 
5904.59 
8370.82 
8346.91 
6598.88 
7304.48 
6430.27 
3495.29 
5348.76 
6641.47 
3234.29 
8691.88 
4423.7 
9179.67 
2766.68 
9517.53 
1172.38 
4160.07 
8363.75 
9625.35 
3329.28 
5261.82 
5359.56 
8181.07 
9298.9 
6628.93 
2432.29 
9414.29 
5967.23 
1260.34 
2469.74 
8867.26 
1961.78 
1629.58 
8359.97 
6024.05 
6232.43 
8386.79 
6716.48 
3915.55 
8712.84 
6673.48 
1156.07 
0.402252 
6760.65 
6287.53 
4545.47 
5743.46 
322.694 
3513.93 
8550.82 
3708.37 
6614.25 
5764.3 
599.598 
7444.68 
2794.93 
4426.24 
1764.2 
918.009 
8972.45 
9924.19 
5941.59 
330.036 
6909.32 
4872.12 
5693.4 
8957.24 
4345.03 
6885.94 
2031.58 
4817.2 
2724.43 
9471.2 
2443 
9532.62 
4769.52 
1270.88 
9614.36 
8571.56 
2174.1 
70.0794 
7824.75 
503.933 
9600.55 
6413.74 
5734 
1370.93 
1290.43 
8246.27 
5018.54 
6558.88 
5050.59 
5264.54 
1183.97 
9030.56 
6689.04 
2775.86 
3867.07 
3914.93 
8310.97 
2430.01 
1234.44 
7283.07 
6480.75 
2012.17 
8486.95 
225.564 
1055.62 
1879.79 
3609.67 
7796.58 
7192.04 
6663.64 
5809.69 
3511.73 
1571.54 
2920.91 
1691.1 
2236.97 
6713.52 
4047.65 
8865.1 
5793.62 
3418.48 
4372.4 
6996.39 
8342.83 
7919.82 
8490.68 
2822.2 
2646.62 
1699.61 
5335.32 
731.837 
9987.36 
7501.71 
1222.21 
1646 
4251.07 
7732.02 
2135.68 
4339.28 
330.772 
9293.21 
1060.43 
2662.87 
4820.49 
7927.8 
2575.24 
2139.16 
2824.64 
3806.28 
2081.23 
9285.28 
7640.64 
6165.63 
5758.53 
3563.34 
9078.48 
1979.01 
1141.07 
7911.4 
6981.63 
182.512 
7479.69 
1145.29 
8949.64 
6546.29 
3458.91 
3824.13 
2150.49 
3312.92 
177.851 
9143.68 
7854.7 
3934.51 
7299.83 
8315.51 
8777.97 
1296.09 
3434.25 
9420.7 
3621.91 
3520.6 
806.552 
5718.91 
7763.93 
8442.01 
4932.95 
8173.17 
6427.34 
4353.75 
3523.14 
3491.57 
2815.45 
9191.19 
6261.52 
7445.8 
1575.4 
7764.18 
2519.55 
6120.58 
8546.03 
3146.08 
6084.44 
1259.22 
3736.62 
1332.93 
2618.63 
1260.31 
2028.17 
7505.25 
709.501 
4589.14 
9632.44 
2346.76 
1975.18 
6839.46 
813.265 
8542.36 
1525.63 
1201.77 
8091.24 
9441.93 
455.203 
602.624 
8297.22 
1411.79 
8011.68 
2274.88 
3992.15 
5991.94 
6552.06 
537.268 
9863.64 
8123.05 
4135.8 
318.384 
1080.49 
9744.67 
8671.19 
6710.8 
8343.69 
2382.17 
7169.39 
5897.08 
2225.4 
2277.62 
15.7362 
4478.14 
4097.66 
9330.05 
224.617 
5134.99 
3765.01 
8595.11 
7938.72 
6094.68 
3318.04 
6240.05 
6538.73 
6443.9 
2591.2 
260.003 
9870.42 
2077.49 
6423.25 
5603.25 
3769.33 
1206.91 
4491.07 
1377.16 
5858 
5426 
4836.01 
8866 
815.947 
3625.93 
1008.09 
2992.11 
8416.68 
9130.02 
8279.27 
9702.99 
8132.8 
7978.72 
8397.96 
4487.2 
6420.95 
6939.26 
8157.59 
4682.09 
1936.34 
4015.55 
9306.52 
4672.09 
3784.45 
5175.96 
2277.56 
8992.67 
9858.47 
1369.94 
4584.81 
6891.34 
2790.15 
4092.78 
7399.32 
312.551 
3039.32 
1926.47 
8131.89 
2748.69 
7177.61 
4086.26 
7850.73 
7222.93 
5770.59 
6329.39 
7985.96 
2.75349 
6277.95 
3464.31 
4718.57 
4922.07 
5296.2 
3185.49 
8579.25 
1380.02 
3991.42 
3869.13 
8464.36 
561.348 
4568.79 
7655.32 
2924.95 
9619.21 
10000 
9990.92 
7416.17 
3497.83 
7965.85 
1990 
6007.34 
5428.25 
2516.93 
2016.17 
5756.24 
5137.59 
7477.01 
6080.2 
9896.35 
7984.5 
5547.78 
1466.71 
1070.1 
5237.85 
2463 
5716.27 
3343.65 
6787.09 
693.666 
8446.41 
8762.62 
3320.73 
1454 
7440.75 
6618.91 
4027.84 
5850.27 
5554.53 
4941.16 
6145.01 
9248.3 
6139.26 
2563.84 
396.633 
6207.14 
3434.89 
241.668 
1713.94 
6107.23 
4238.45 
5684.38 
7303.73 
3739.73 
3656.44 
3762.77 
866.058 
5831.15 
4181.66 
1108.07 
3252.62 
6851.65 
5639.84 
8718.71 
5318.6 
9745.38 
602.413 
4753.44 
1101.32 
9921.79 
5495.15 
6987.05 
1272.37 
4749.84 
593.47 
4451.07 
9179.77 
4395.11 
8585.11 
9971.77 
5493.02 
1242.84 
8463.25 
1902.58 
6643.46 
6562.73 
9731.93 
4576.16 
1593.47 
1391.85 
2833.33 
9729.64 
5979.56 
8522.08 
628.86 
9256.23 
9493.94 
4666.68 
2822.31 
4602.51 
4308.24 
8661.39 
1986.31 
3847.66 
7591.96 
8142.25 
6727.39 
7215.85 
6833.65 
3139.86 
1684.83 
6880.42 
9209.36 
1657.64 
38.1843 
1763.06 
1781.52 
1980.52 
6682.74 
6744.52 
5174.82 
3234.05 
4669.67 
3208.24 
936.437 
8704.38 
4451.21 
1477.75 
6520.46 
9419.81 
8823.5 
6609.27 
2039.13 
1703.47 
160.746 
1654.14 
1090.83 
3611.92 
5611.33 
9638.39 
2454.94 
238.609 
300.402 
8861.72 
8863.52 
9132.24 
5474.01 
1725.76 
4870.48 
8144.19 
9366.09 
5830.64 
5489.07 
4717.53 
7533.37 
3323.12 
1724.59 
5129.64 
3804.26 
8281.65 
9670.38 
47.7785 
3013.9 
4545.66 
8904.53 
8435.32 
2503.56 
7339.11 
8395.56 
4229.61 
7084.79 
4058.74 
5263 
5255.6 
915.335 
4036.88 
7821.3 
2647.89 
3078.59 
1849.68 
7566.26 
6206.73 
6453.46 
3273.13 
1542.32 
1843.55 
4551.99 
5331.8 
1624.28 
9257.7 
4090.58 
311.874 
1672.85 
5650.61 
9854.31 
1402.59 
3335.7 
3091.18 
3543.26 
1628.68 
3221.5 
3795.82 
6413.76 
6023.11 
376.828 
3351.03 
782.141 
5440.29 
4911.22 
2878.71 
2527.18 
4393.2 
6586.14 
3255.79 
16.6435 
9726.96 
1008.7 
3183.77 
9555.16 
3492.69 
1654.06 
9854.89 
1164.42 
418.85 
9609.56 
7852.81 
2203.9 
1014.61 
2545.63 
4375.11 
2430.11 
2825.94 
5492.28 
8823.02 
8516.49 
6704.68 
5576.1 
7578.33 
9019.96 
8533.8 
7596.97 
2339.5 
9982.9 
2612.83 
3750.4 
2995.03 
7455.22 
9918.35 
7663.13 
4286.1 
6416.65 
4638.01 
1024.68 
1818.8 
8633.61 
5033.58 
9309.75 
8980.36 
2911.66 
6291.41 
9754 
5440.49 
8306.69 
548.099 
1896.22 
9752.94 
7652.09 
8698.78 
323.388 
5184.37 
3754.37 
9696.67 
1931.47 
2285.71 
5969.47 
8965.04 
5494.78 
847.728 
7769.84 
7710.9 
7083.98 
519.357 
8835.65 
716.365 
9946.61 
2699.17 
4997.73 
6873.18 
7484.35 
9446.47 
6897.07 
9117.73 
1712.27 
8153.32 
2828.28 
4818.77 
9108.53 
7031.83 
3993.08 
1684.36 
9024.94 
2100.64 
5483.65 
3727.77 
2631.53 
8067.02 
2358.34 
6589.12 
3356.06 
5221.31 
4528.83 
6068.7 
6671.04 
217.659 
8192.05 
3773.16 
5417.96 
9697 
7462.84 
7932.86 
7586.99 
4532.28 
4067.5 
2442.26 
7022.8 
2138.19 
6611.77 
4070.49 
2763.93 
3431.49 
3014.63 
6884.01 
9542.92 
7781.82 
9023.04 
216.561 
9742.4 
537.52 
4099.58 
1635.51 
7960.38 
115.786 
6020.06 
9214.68 
1099.27 
5450.15 
730.384 
5565.17 
3833.81 
4814.3 
3909.33 
4086.73 
5591.09 
9410.78 
6990.3 
5896.36 
111.431 
2827.62 
3873.83 
7457.94 
5656.9 
5543.09 
2685.86 
1171.63 
1616.2 
3543.05 
8083.1 
2657.34 
1916.71 
4144.49 
6481.54 
5296.65 
728.548 
4699.46 
3789.55 
988.572 
4932.55 
1328.15 
2162.46 
4382.91 
3531.26 
9938.06 
8921.49 
3499.4 
4391.5 
8016.29 
9821.68 
3012.18 
5766.38 
5519.21 
1432.44 
5065.45 
4998.35 
7296.41 
825.976 
2170.63 
1729.27 
3852.19 
3746.22 
2643.64 
1646.85 
8565.03 
2454.27 
8933.65 
7911.56 
9641.97 
2507.46 
2840.81 
5498.14 
7188.98 
5152.9 
4864.85 
3518.69 
8584.76 
4122.1 
204.031 
9156.87 
9595.15 
5686.32 
9978.82 
4005.23 
5876.6 
8063.55 
4082.25 
434.072 
5454.35 
1300.99 
5746.99 
9692.2 
6813.36 
2072.09 
5638.62 
8306.83 
2928.72 
3060.62 
9779.84 
9849.22 
5837.05 
3328.69 
5215.73 
823.947 
8077.4 
6816.56 
5947.64 
2041.53 
2004.02 
1639.37 
2807.88 
1974.65 
7930.55 
8718.27 
7892 
907.455 
1600.08 
2470.26 
7614.4 
5170.7 
3917.93 
8679.91 
3326.95 
5967.03 
7802.1 
9867.29 
9543.54 
8227.99 
7770.39 
6864.31 
8419.48 
6279.98 
7683.94 
3966.55 
5852.57 
4200.51 
8015.99 
4777.59 
6907.73 
8136.22 
5509.19 
2947.93 
5869.86 
4743.2 
8986.39 
4292.41 
2599.19 
4640.33 
0.391542 
6580.65 
918.404 
5623.06 
6790.43 
6676.23 
7452.64 
6524.65 
9819.88 
2796.92 
7827.69 
51.8158 
868.126 
591.972 
9267.69 
2146.59 
7813.56 
2536.61 
2865.91 
7381.62 
2958.57 
4731.9 
9099.73 
9230.61 
8917.86 
2506.55 
7524.06 
6839.1 
4681.07 
4739.22 
2087.53 
5063.9 
8977.71 
8350.66 
9587.06 
9731.02 
9184.36 
1487.04 
2628.9 
3964.88 
7714.51 
7706.18 
7757.16 
4544.78 
4186.73 
6363.21 
6470.96 
7420.02 
8294.92 
2721.35 
7802.21 
1804.08 
1199.97 
7877.07 
9918.53 
772.55 
4249.33 
8411.16 
6335.42 
9448.11 
4303.53 
9459.63 
7985.59 
3771.79 
2467.92 
8287.05 
416.034 
2286.01 
940.002 
8614.29 
434.911 
9546.51 
8242.32 
8690.14 
5119.74 
7501.04 
9982.99 
4174.58 
2116.03 
4037.07 
1089.05 
3620.57 
968.765 
2039.26 
3870.9 
8235.79 
8992.07 
9658.37 
8170.65 
4168.39 
8174.41 
7249.63 
4585.24 
4151 
5927.06 
6033.6 
6675.19 
9874.3 
7390.97 
42.0215 
6254.61 
1301.78 
8960.96 
6778.32 
3283.3 
2368.33 
4514.6 
6807.44 
2588.29 
1459.93 
7038.5 
5987.8 
6909.66 
737.121 
8796.46 
2029.64 
2167.39 
7325.99 
7856.23 
9582.15 
7154.6 
7404.77 
1952.29 
2154.47 
204.581 
8391.6 
7608.27 
2186.24 
4201.98 
2707.01 
6768.51 
8358.45 
504.922 
6228.14 
6336.92 
4577.32 
1095.21 
7252.35 
175.173 
4128.36 
5381.75 
1022.57 
6403.54 
4357.72 
278.005 
2424.78 
3299 
6318.42 
3757.69 
5446.4 
7688.51 
789.411 
7627.21 
482.647 
1845.94 
4703.3 
8384.8 
3384.52 
3683.5 
8537.98 
7867.13 
2785.63 
8152.97 
7033.32 
8978.92 
8703.76 
4128.15 
1819.81 
5544.43 
5309.31 
3509.68 
7252.91 
9719.9 
2353.27 
1408.48 
2377.46 
8015.6 
8223 
4010.16 
8678.89 
6023.7 
386.598 
7551.31 
4877.12 
9786.01 
3552.53 
7298.84 
1650.43 
8788.78 
3103.28 
6775.84 
1503.71 
2878.51 
9067.07 
221.688 
5917.14 
9445.96 
8293.31 
5681.09 
2113.42 
303.791 
5821.17 
6416.47 
1550.59 
682.637 
3075.25 
5743.06 
3686.09 
2100.34 
349.71 
7569.5 
652.273 
2753.48 
7705.94 
3742.07 
3028.71 
3544.34 
9672.53 
6222.82 
6978.25 
3465.91 
1544.31 
5160.09 
5654.61 
6964.18 
6889.87 
8076.67 
4588.41 
7361.31 
1617.97 
3278.4 
124.615 
4406.38 
8054.94 
9330.97 
5634.89 
5670.6 
5756.52 
9877.87 
7284.53 
1111.75 
5108.26 
4444.86 
4747.75 
5449.86 
5851.82 
1484.93 
7256.22 
5254.56 
3451.89 
5877.93 
329.57 
9089.52 
7575.72 
5079.67 
4091.43 
4632.1 
1625.33 
6932.85 
346.696 
6927.57 
1717.29 
2507.26 
9470.31 
7434.3 
8200.92 
2887.09 
3326.39 
6555.5 
8350.34 
4243.14 
4413.89 
4314.31 
590.458 
3831.53 
6442.86 
5180.11 
2088.85 
7378.29 
6888.51 
5133.2 
3670.2 
5022.98 
1237.23 
4155.9 
8132.34 
291.272 
5405.55 
1159.48 
7328.87 
6320.31 
5496.82 
5107.82 
7068.19 
5120.91 
7209.48 
9756.47 
7052.98 
9464.74 
3822 
6301.65 
1843.57 
4887.43 
3041.4 
6868.39 
7002.35 
8494.37 
4902.6 
8005.1 
1792.38 
4498.27 
2340.11 
234.74 
5276.89 
8718 
3389.34 
4587.18 
6746.11 
1876.36 
5967.37 
3571.62 
8209.33 
4231.01 
518.739 
8450.13 
1386.88 
9240.11 
8560.61 
8201.36 
222.511 
9749.08 
2755.84 
7359.49 
991.747 
8290.46 
7821.75 
123.637 
7973.82 
6053.44 
172.278 
5471.9 
6268.24 
290.541 
3119.88 
5770.41 
3206.19 
6516.22 
8142.88 
7356.3 
7370.55 
6865.67 
1297.53 
7542.28 
3161.78 
32.1914 
1040.98 
5693.99 
8838.11 
2117.94 
6161.27 
2409.64 
8782.11 
886.76 
3769.62 
5936.7 
8037.95 
3897.57 
6478.73 
7978.26 
630.678 
9809.36 
5918.94 
9615.83 
3312.82 
8637.62 
2506.97 
4727.29 
1588.55 
8707.51 
7147.64 
397.496 
719.813 
7901.58 
1858.77 
413.065 
2378.58 
6826.44 
1927.56 
6514.16 
3443.97 
2734.17 
3170.12 
227.274 
9801.41 
2283.37 
6621.78 
2212.13 
9289.02 
617.473 
7862.37 
2884.9 
6512.4 
3846.12 
1811.59 
7406.59 
2571.87 
5335.29 
242.924 
2821.73 
4837.23 
9348.47 
9676.67 
5870.7 
8854.85 
3456.82 
8692.81 
65.5631 
1918.43 
3119.67 
2257.7 
5100.74 
8179.46 
2204.17 
5437.13 
1918.95 
1830.57 
6446.66 
8936.45 
4949.29 
2794.75 
1390.7 
3517.69 
1837.74 
6932.28 
823.492 
431.582 
3605.19 
2440.23 
2968.15 
5706.78 
3841.47 
3510.96 
8666.8 
2892.79 
9187.43 
3207.44 
7471.09 
6624.5 
7938.32 
9339.27 
5160.82 
7950.15 
8090.86 
3075.25 
5779.93 
3229.07 
1001.4 
591.831 
6903.19 
1950.04 
4333.62 
5158.76 
3228.14 
5432.25 
9839.12 
6123.64 
69.6027 
9812.89 
5270.21 
6432.22 
6273.69 
1913.06 
2851.89 
1716.81 
4435.61 
9287.88 
1441.3 
3973.86 
8724.46 
1959.16 
7561.02 
8013.25 
8687.94 
8242.59 
3281.71 
5709.29 
6031.47 
842.391 
8057.42 
1091.46 
4172.51 
7441.14 
3235.95 
6596.96 
5038.08 
5068.07 
8985.05 
1757.87 
4530.41 
2680.08 
4089.04 
4546.29 
9543.62 
9589.15 
4822.5 
1741.94 
6850.43 
5157.91 
9065.63 
5966.2 
4004.13 
7431.42 
9804.45 
3458.9 
3803.16 
9629.22 
8290.65 
995.498 
1327.49 
1044.08 
7854.94 
7942.39 
7801.14 
3801.01 
3510.53 
1398.37 
2433.57 
968.659 
243.423 
1210.03 
7038.56 
7132.8 
888.07 
5795.76 
9310.76 
5876.47 
5896.35 
9953.34 
5764.3 
646.321 
2725.28 
3758.71 
2567.52 
2384.61 
8104.35 
9828.81 
2746.55 
1341.13 
446.624 
6416.72 
5787.86 
6556.52 
5352.74 
3510.99 
9196.1 
8793.41 
775.374 
1715.86 
8519.36 
4834.27 
9565.71 
960.075 
5976.75 
1230.7 
4336.36 
1204.5 
3966.28 
1340.91 
6611.78 
4215.91 
6736.04 
2578.37 
4734.08 
5699.28 
7804.6 
1870.79 
2329.48 
1543.78 
6336.41 
6006.12 
4855.77 
971.637 
310.194 
3432.97 
7849.66 
9170.23 
4131.57 
9312.94 
2659.16 
2454.58 
4070.8 
8000.32 
1419.4 
5867.55 
5927.78 
8118.45 
6804.62 
5164.41 
8232.68 
6588.65 
5513.41 
3834.57 
7547.57 
1944.5 
1277.78 
5596.22 
5723.03 
7017.68 
6075.6 
2639.83 
7701.03 
1174.74 
3832.96 
511.765 
1232.25 
472.52 
1648 
7939.75 
3456.46 
2801.12 
8418.65 
2231.89 
1300.36 
5081.37 
2625.27 
2992.37 
2845.31 
1102.82 
5106.89 
1466.64 
9801.76 
8223.9 
9064.49 
6875.89 
3085.16 
2261.36 
6643.16 
1630.39 
1987.09 
6990.01 
1107.33 
823.489 
374.919 
1271.6 
1857.7 
2341.2 
8471.98 
8576.96 
2907.94 
3686.25 
4786.82 
2010.87 
6652.4 
6896.56 
435.392 
7636.24 
2277.04 
131.423 
8828.6 
2355.99 
7145.94 
1842.13 
630.616 
8766.97 
6400.94 
542.97 
5701.75 
9369.27 
9332.95 
8854.86 
3596.91 
3219.22 
5400.83 
1755.8 
9653.22 
1627.13 
7199.37 
9857.89 
1609.83 
6439.97 
6606.14 
9383.63 
726.351 
7777.23 
1912.56 
4428.21 
4964.68 
1315.22 
4977.89 
3408.33 
3822.43 
3663.13 
6287.1 
7253.49 
9355.49 
7731.9 
13.0101 
8660.38 
5055.29 
4204.43 
3930.3 
6552.35 
5379.68 
6239.29 
3804.05 
4731.92 
9391.19 
7697.84 
7660.06 
2637.46 
7775.98 
879.195 
6622.58 
5661.28 
9085.68 
3027.35 
595.074 
1416.36 
4736.55 
7196.41 
95.646 
7522.24 
6231.97 
645.333 
6113.34 
6911.1 
4934.85 
9960.59 
7676.91 
5818.27 
7725.96 
247.698 
3067.45 
4663.51 
9618.26 
4141.82 
1547.7 
2132.07 
3668.02 
8351.04 
5938.71 
1853.74 
5795.69 
8174.6 
535.769 
4671.73 
7713.69 
3944.45 
4341.24 
3258.34 
2967.76 
9108.29 
3016.9 
5107.76 
6154.07 
1507.26 
2507.85 
9421.07 
9839.65 
5031.77 
9010.82 
4902.72 
23.3687 
2757.18 
9998.75 
9036.13 
249.924 
471.862 
583.627 
9022.52 
1544.32 
5350.12 
9392.1 
3061.4 
2915.07 
3665.19 
917.451 
9604.6 
4453.3 
6595.14 
4468.13 
5836.82 
9484.45 
5169.57 
5045.74 
3719.1 
6877.22 
5384.91 
4196.49 
443.746 
8037.78 
1004.32 
9589.21 
5802.75 
6849.91 
6417.03 
1086.94 
8162.11 
604.292 
6342.31 
5237.2 
1679.29 
3744.12 
7438.36 
6529.82 
6700.25 
1152.34 
7397.27 
5993.3 
9315.29 
2140.22 
611.399 
5791.26 
3628.83 
9680.59 
1758.09 
8139.62 
2646.46 
9039.43 
5641.13 
482.823 
4807.52 
9917.71 
6994.77 
1180.94 
8133.81 
4883.68 
20.3477 
1983.14 
705.907 
4172.07 
0.0626594 
1053.12 
9724.77 
4252.15 
5961.75 
9159.47 
3148.11 
323.558 
8036.3 
6124.37 
2276.08 
4039.55 
2667.03 
4696.97 
2023.19 
3797.61 
6458.02 
9861.12 
5867.94 
2409.97 
4291.48 
6912.72 
2136.18 
2697.06 
9534.73 
216.787 
3536.31 
4795.7 
1335.57 
6873.46 
2206.39 
2770.95 
1368.22 
5674.83 
6824.96 
7178.39 
7197.47 
7845.69 
2594.99 
3990.6 
9971.53 
1552.45 
1966.51 
1183.53 
1561.16 
8339.42 
612.41 
2767.67 
6191.22 
5853.13 
3518.74 
9537.31 
3586.3 
4927.8 
1464.43 
2695.62 
5208.89 
5779.06 
8629.92 
3042.16 
9535.91 
120.105 
8600.72 
2246.63 
9072.56 
2562.59 
9502.73 
2404.89 
9018.34 
1157.47 
3675.56 
5146.68 
167.438 
4127.05 
3274.99 
2809.3 
5830.21 
8262.59 
9300.85 
9359.12 
8723.81 
1095.92 
9164.94 
5157.88 
8545.33 
1334.05 
1362.31 
6370.65 
1438.51 
7052.2 
6277.07 
8702.84 
8665.59 
2611.78 
6109.37 
243.665 
5278.73 
9588.49 
3671.64 
9332.15 
5499.47 
9622.95 
2961.11 
7296.71 
5775.84 
4560.12 
1871.35 
1714.63 
7713.19 
5570.62 
5484.82 
3343.86 
259.106 
4802.62 
7635.49 
9720.64 
4850.26 
8317.83 
7843.84 
1373.25 
292.358 
3659.7 
8581.16 
3626.3 
7301.51 
6473.69 
3324.42 
3460.61 
2397.89 
1353.49 
8120.04 
3463.5 
1016.78 
9085.62 
1946.52 
5226.53 
2321.36 
5153.33 
2040.93 
1832.01 
660.737 
5014.57 
9811.69 
5024.41 
5274.2 
3533.86 
3646.29 
3268.45 
2766.47 
6129.26 
4517.76 
9947.94 
4962.14 
8705.26 
9328.75 
8236.12 
4457.69 
388.094 
2703.46 
7074.52 
1502.33 
9587 
8663.42 
6114.68 
9365.04 
8164.41 
9186.02 
9491.9 
350.082 
3821.13 
1722.06 
2728.79 
2844.82 
2883.65 
5437.16 
2313.32 
19.7179 
1398.84 
316.6 
1090.39 
6148.15 
1968.91 
1510.77 
1583.63 
6107.31 
5493.18 
3822.57 
5948.98 
4528.88 
6899.94 
7299.52 
3058.93 
1422.56 
8981.44 
1073.14 
6305.69 
9684.42 
6004.12 
1319.47 
6287.93 
1280.38 
9271.67 
8926.66 
298.451 
6069.31 
6846.58 
388.291 
6007.75 
2328.68 
8069.36 
1672.7 
2991.06 
683.144 
1602 
4847.87 
8128.57 
6832.57 
4927.2 
1413.42 
5291.19 
9073.86 
4347.14 
2305.27 
4707.12 
2487.54 
8107.47 
2191.52 
2895.02 
6529.55 
2086.76 
2256.99 
3171.95 
913.529 
3684.18 
79.0594 
8751.03 
8617.96 
1983.51 
6912.3 
4953.45 
2576.62 
5194.23 
9471.71 
1076.5 
2812.86 
5668.59 
1990.9 
1136.97 
9018.77 
8501.58 
6105.2 
68.9164 
8278.23 
2247.29 
196.26 
8536.26 
8903.22 
6423.9 
6420.54 
38.5946 
8659.03 
2357.41 
942.017 
2486.98 
8612.75 
4493.08 
5186.29 
5949 
4857.35 
7540.91 
54.8941 
2604.97 
1663.52 
8698.49 
5535.69 
8257.85 
9754.57 
5064.97 
6901.66 
6193.07 
6895.95 
263.147 
2711.48 
1815.57 
4208.96 
9939.45 
2343.15 
1376.46 
4215.02 
1920.09 
1022.4 
3410.74 
4307.54 
6802.8 
4614.33 
3107.42 
6325.57 
3896.45 
7578.67 
4742.92 
4226 
6432.78 
5661.97 
697.586 
4328.24 
4655.56 
6030.59 
6159.03 
4751.58 
9722.28 
2314.01 
1516.34 
5148.11 
4310.69 
9788.18 
9909.22 
4255.26 
8170.21 
6698.12 
5355.62 
1969.6 
3034.32 
7822.89 
9383.71 
1947.42 
302.937 
1454.93 
3021.8 
7309.06 
3327.48 
4878.91 
9881.46 
7647.67 
4448.76 
281.228 
6595.86 
6568.79 
1672.58 
1097.31 
2484.55 
7782.19 
5275.45 
4440.13 
5278.25 
1541.41 
6517.88 
5939.87 
1433.83 
8349.45 
9125.72 
6022.32 
7073.96 
1995.63 
635.74 
4878.55 
3799.43 
7001.75 
8440.77 
4090.71 
2520.32 
9005.91 
2360.43 
1748.54 
7661.64 
9238.9 
8140.99 
5589.07 
5488.48 
4862.88 
412.05 
5325.63 
7824.47 
5934.98 
9155.21 
1582.7 
373.486 
7185.41 
5107.04 
4069.77 
585.477 
110.114 
684.869 
586.726 
1100.12 
9771.16 
3836.64 
2407.94 
191.207 
3616 
4186.84 
8207.26 
9404.6 
3146.04 
5439 
3337.83 
8965.7 
6456.55 
5304.56 
3696.21 
2258.67 
1532.05 
9134.91 
466.009 
2216.11 
6078.55 
2263.09 
5677.51 
1832.22 
4167.42 
1835.92 
6332.35 
7802.52 
6962.6 
386.89 
2457.04 
5393.49 
8314.07 
4628.22 
6458.6 
9647.6 
7295.12 
9085.1 
3348.94 
5704.75 
9650.72 
9637.41 
5919.94 
6407.47 
268.041 
4968.5 
5538.02 
7490.5 
2902 
3872.49 
4974.98 
4422.15 
3021.91 
9278.88 
73.3731 
3182.46 
7533.16 
9833.66 
4286.37 
940.683 
56.4456 
8681.18 
4527.56 
4735.19 
4391.23 
3450.15 
6729.95 
199.055 
5519.91 
3129.89 
4074.36 
7825.01 
4956.59 
5394.36 
2949.7 
5553.56 
8635.32 
3740.31 
3339.77 
1521.91 
8663.05 
9879.88 
1101.49 
2740.53 
144.928 
5799.89 
8703.89 
6198.07 
934.018 
8040.05 
9096.2 
9788.63 
7578.51 
2080 
8493.59 
1721.9 
9954.58 
6645.06 
3465.09 
7724.9 
2310.68 
5556.94 
5493.73 
3140.41 
893.411 
5557.33 
1987.5 
3989.37 
9297.4 
1331.29 
4947.4 
995.039 
3626.81 
5752.81 
7554.22 
3731.59 
6805.56 
1099.21 
4430.85 
9248.86 
5528.01 
9240.63 
7209.3 
6664.9 
6995.91 
250.363 
7846.88 
2587.53 
8585.79 
1323.13 
7900.95 
1202.15 
4614.6 
7503.72 
5047.31 
74.0833 
5117.28 
6083.19 
169.739 
2805.04 
4339.37 
1867.64 
9368.67 
9277.55 
7789.27 
4322.9 
4943.22 
726.531 
803.609 
6259.86 
9450.25 
384.19 
7078.26 
4305.65 
5090.98 
4019.8 
790.307 
2683.03 
3671.83 
2472.41 
3721.59 
8702.43 
1740.04 
4823.05 
959.763 
741.926 
9550.34 
2604.5 
3890.76 
1944.2 
6109.95 
9879.33 
1972.73 
5749.07 
4541.07 
1699.51 
3670.5 
13.5434 
7623.22 
3445.65 
975.465 
4647.88 
6920.31 
9629.45 
2204.23 
6466.46 
1768.85 
9042.55 
8112.01 
8483.52 
2461.48 
102.676 
5678.26 
4580.99 
2647.42 
5125.51 
4464.75 
8993.9 
529.167 
3714.47 
9137.58 
5273.77 
6306.92 
337.345 
9757.88 
648.155 
3534.56 
5415.51 
8478.88 
4493.94 
9611.15 
4561.71 
8582.74 
185.558 
8677.84 
8470.88 
66.1062 
1046.8 
3534.25 
81.2916 
6268.61 
6574.49 
7440.73 
6395.7 
2570.12 
5986.48 
4852.76 
419.553 
1429.02 
7535.84 
4917.54 
9030.34 
2955.24 
8727.89 
9679.96 
1110 
5717.34 
1381.4 
7188.94 
4503.94 
7751.46 
8725.37 
7315.82 
7062.78 
4108.3 
8217.3 
8132.83 
8428.35 
5243.89 
4012.96 
5871.03 
4417.05 
7362.85 
7395.29 
2714.32 
9594.06 
7413.39 
6866.44 
4255.02 
4135.09 
8445.31 
363.607 
1134.58 
8902.06 
6845.61 
4120.48 
2876.7 
8662.02 
2491.64 
7020.68 
6615.95 
4214.33 
190.167 
6131.66 
4821.99 
3249.32 
1250.38 
5154.64 
4047.97 
4253.87 
4822.27 
7907.02 
3334.24 
8550.04 
500.983 
19.8728 
4002.83 
5569.47 
6093.19 
8220.04 
4284.14 
3611.25 
4268.34 
7975.9 
993.327 
4842.91 
4760.2 
4744.2 
5689.9 
132.136 
814.141 
3270.89 
3804.51 
2413.66 
6361.01 
9433.68 
1937.55 
4336.32 
596.544 
6110.9 
5919.48 
8669.53 
8856.9 
7986.44 
8152.59 
522.875 
7954.47 
860.441 
1429.41 
4065.7 
2155.7 
774.862 
3106.31 
7744.75 
6087.48 
2315.09 
9705.21 
5544.65 
8859.74 
5627.27 
7607.33 
6352.25 
2210.52 
2243.36 
4167.61 
4994.41 
1037.51 
7442.4 
4396.34 
9260.89 
7815.86 
1189.25 
7747.86 
8278.72 
470.612 
9581.02 
8160.4 
1769.83 
5615.59 
1216.8 
757.743 
5394.34 
2676.95 
1461.64 
5789.84 
9783.21 
6401.55 
794.262 
9158.17 
1444.49 
7621.75 
8693.11 
5097.53 
4139.32 
9561.57 
1360.02 
7796.04 
7988.31 
9540.16 
1506.84 
5543.08 
2628.02 
9107.38 
7692.87 
4118.58 
933.215 
4548.95 
4257 
7334.23 
6481.1 
7916.14 
6648.19 
6212.47 
2955.64 
5500.68 
9851.06 
6843.72 
2368.51 
7493.31 
89.604 
5973.92 
3700.14 
8249.05 
1854.11 
2090.6 
6648.36 
9008.52 
6145.84 
3058.08 
7197.2 
3266.96 
7727.41 
4652.9 
1298.35 
1407.87 
2084.14 
8201.26 
8547.2 
2770.15 
7880.57 
8712.25 
6836.91 
7887.04 
7451.2 
2342.34 
7785.19 
5692.14 
7717.57 
9203.3 
9826.25 
9784.56 
9122.28 
8147.02 
6969.04 
8642.48 
4188.68 
9106.94 
322.859 
6298.86 
4957.36 
8306.22 
2677.2 
5658.06 
5036.46 
7800.92 
15.7827 
5259.29 
2884.29 
6297.26 
8094.28 
632.955 
8081.4 
4118.25 
5426.11 
6668.95 
5015.98 
3582.41 
9486.83 
5095.09 
3233.55 
6265.8 
9246.71 
9497.52 
4779.22 
4319.35 
5293.06 
482.018 
1275.49 
7135.88 
2724.54 
1343.34 
7597.3 
7881.74 
8467.57 
4521.74 
6841.32 
2114.2 
3403.02 
4563.32 
5712.38 
8035.89 
9190.91 
1634.18 
5728.56 
9928.65 
873.677 
3890.43 
6501.66 
3416.69 
4382.23 
2084.49 
4084.5 
8133.3 
6402.95 
4357.74 
499.961 
2836.45 
2265.94 
3636.17 
3036.54 
5128.93 
1873.83 
3392.78 
2473.28 
8373.18 
7964.86 
5351.61 
4562.02 
3849.58 
9855.47 
835.465 
1663.66 
1106.2 
1820.83 
2679.17 
8881.16 
5577.88 
7505.74 
8998.8 
2837.45 
9009.44 
1633.99 
2394.68 
7461.66 
8118.53 
8107.24 
8313.87 
1182.5 
4316.61 
9292.4 
7401.54 
7653.49 
2187.98 
3371.56 
5881.82 
5808.81 
8678.64 
1947.81 
6821.91 
5855.56 
4474.92 
9936.44 
1797.88 
6933.16 
5694.53 
8013.59 
4390 
2728.9 
4651.3 
4435.91 
4257.63 
7936.77 
3353.46 
1558.23 
9154.91 
6644.34 
1344.55 
7783.15 
1460.3 
3270.63 
9528.5 
5427.73 
3837.17 
1347.61 
9229.71 
3795.28 
7300.03 
1584.19 
5535.19 
9858.91 
8661.85 
9657.4 
1926.08 
1704.57 
8655.55 
3862.81 
2251.92 
8084.68 
9180.75 
849.971 
5469.3 
2605.63 
2808.89 
9031.83 
7962.92 
2737.72 
2922.02 
463.033 
2198.72 
3859.07 
9321.58 
7722.4 
349.99 
2282.7 
5339.05 
3390.61 
5988.39 
6827.79 
4629.9 
4753.11 
5582.32 
2104.35 
7734.04 
6087.02 
4471.89 
9110.83 
5671.01 
2630.03 
2940.3 
7658.75 
590.107 
7934.51 
5350.25 
1681.94 
8387.45 
7920.24 
5520.79 
7955.77 
2683.33 
8767.11 
8834 
3010.55 
8284.32 
4522.28 
6011.71 
8886.7 
8827.2 
8682.4 
5067.48 
9083.29 
2779.07 
7788.88 
7706.17 
7635.61 
1762.93 
9636.08 
3526.66 
2595.76 
6983.86 
7692.03 
9952.3 
8329.03 
6023.41 
5412.71 
1340.81 
5026.71 
3867.67 
3990.13 
2167.16 
3385.49 
9895.27 
9858.48 
1399.68 
4428.4 
8191.57 
5660.65 
8608.28 
9444.22 
9082.09 
2725.25 
3252.81 
9964.9 
56.5812 
959.824 
1754.58 
9224.75 
377.142 
8631.33 
6697.05 
7239.07 
6982.23 
278.45 
9911.02 
4454.87 
3033.32 
954.877 
8619.68 
908.6 
846.605 
8883.48 
4666.69 
2988.62 
9780.5 
921.341 
4976.69 
3290.1 
6730.37 
7290.06 
4017.48 
1776.01 
9439.89 
6252.8 
737.77 
9698.43 
1537.77 
5269.1 
7786.75 
1962.6 
5349.52 
9364.1 
2378.07 
8259.69 
664.659 
928.483 
5009.56 
5716.1 
444.766 
5190.37 
4482.33 
4437.54 
1777.88 
838.111 
6128.16 
5949.62 
5230.19 
3779.18 
6680.77 
3730.31 
5376.96 
635.275 
7058.68 
5187.65 
8831.97 
8988.46 
9050.1 
5070.12 
3436.73 
1101.28 
9158.72 
560.806 
5468.13 
2884.51 
9944.19 
2072.8 
7600.99 
9869.88 
2995.54 
6027.76 
8519.21 
2396.75 
2121.6 
7682.48 
9393.16 
874.606 
9497.78 
9158.78 
1550.22 
4475.31 
6509.34 
2493.87 
4506.96 
8421.33 
7250.26 
5073.05 
2679.38 
2395.12 
4729.38 
6739.35 
8321.53 
9999.37 
9494.51 
4196.22 
5863.91 
4754.92 
5881.88 
6705.01 
1070.76 
6313.25 
6848.52 
3031.92 
7491.34 
7015.45 
8596.61 
3164.6 
7378.05 
2836.48 
2758.77 
6570.69 
3503.68 
6327.73 
226.766 
1252.74 
4872.76 
6484.4 
3259.53 
2963.27 
3687.84 
1498.53 
5743.31 
7841.27 
8142.82 
6327.37 
4097.54 
7433.96 
2564.68 
4633.58 
6597.55 
5076.5 
696.65 
8595.51 
4763.08 
3099.81 
8490.83 
5395.58 
3586.74 
2285.6 
4085.2 
9927.17 
5957.41 
6241.97 
8729.76 
1097.2 
622.184 
7050.12 
1432.98 
4054.74 
7986.44 
8013.43 
1781 
3291.85 
6061.1 
8827.93 
971.363 
5702.42 
560.196 
5216.21 
8905.06 
7420.54 
7091.99 
5141.36 
852.52 
8311.87 
7557.84 
4571.28 
9478.5 
5080.25 
3788.38 
1266.98 
4175.58 
9032.8 
4281.52 
9549.03 
467.227 
2680.1 
4510.1 
1279.29 
1109.95 
4966.25 
7699.87 
1746.17 
7850.78 
8079.68 
5212.26 
2444.01 
6415.9 
2032.23 
5740.07 
3438.45 
39.1206 
7499.62 
6127.52 
5157.92 
9089.5 
7156.46 
8600.36 
6314.32 
4744.53 
1284.42 
7289.23 
166.606 
144.69 
1808.83 
1008.82 
5264.01 
2299.24 
3387.33 
859.129 
9386.6 
516.147 
4877.84 
1851.3 
4837.48 
3575.65 
5866.81 
3417.32 
4964.1 
1697.09 
2928.53 
9803.67 
329.309 
4694.39 
8584.65 
2242.84 
5350.34 
3206.91 
8525.47 
7617.27 
3499 
7651.98 
6880.79 
5410.58 
5624.08 
3915.23 
3195.09 
9902.08 
4291.81 
2484.39 
5202.93 
5681.99 
7150.15 
2540.77 
2770.65 
6328.43 
1916.15 
4777.74 
9425.94 
1734.94 
9077.66 
8214.38 
9056.17 
7050.99 
6062.11 
5803.71 
3010.74 
1426.53 
5628.84 
3992.52 
2328.17 
9545.34 
8606.12 
3010.44 
6478.46 
3493.05 
7639.67 
9955.26 
8114.84 
6039.74 
9992.73 
7838.52 
1926.38 
6750.07 
8436.81 
7501.92 
4818.97 
2467.29 
7788.99 
9573.15 
5974.98 
1412.54 
625.046 
5151.15 
5309.66 
9477.06 
870.239 
6109.91 
9319.36 
443.993 
2188.26 
8124.13 
2203.67 
7140.71 
3971.25 
4852.73 
9787.81 
3698.76 
5074.24 
2678.89 
4058.94 
8569.72 
1286.47 
1720.02 
8304.12 
7306.78 
5093.7 
9899.39 
8981.2 
7090.69 
3302.19 
9916.22 
1884.5 
2710.71 
8905.97 
2627.41 
8960.49 
8950.55 
1818.35 
1037.18 
1825.65 
3671.92 
3989.31 
8375.68 
125.978 
7308.61 
5769 
9629.26 
8929.44 
7109.77 
3833.88 
6067.85 
2316.86 
9391.18 
7582.72 
2739.2 
7683.17 
1032.54 
3873.13 
5732.95 
3634.97 
2985.7 
577.216 
1262.58 
100.799 
4121.72 
3696.17 
1539.9 
1101.59 
4342.12 
8037.89 
2873.02 
6866.88 
1685.53 
8741.91 
5250.31 
1971.86 
1005.12 
3132.74 
1945.13 
1859.97 
470.327 
4791.28 
7034.05 
1312.65 
1734.85 
7667.5 
7735.71 
4089.22 
7470.22 
2061.27 
3737.52 
6511.79 
3581.84 
2.44104 
1026.53 
2923.85 
1103.43 
5270.05 
3807.57 
3761.06 
2112.21 
9943.65 
2896.07 
4282.88 
2405.39 
7369.85 
5131.2 
114.875 
702.451 
6086.48 
5474.78 
4584.96 
9348.67 
3024.87 
9051.85 
4367.74 
8569.75 
1844.65 
2995.07 
8075.7 
8234.19 
2053.08 
6068.55 
4203.23 
3722.3 
721.855 
2213.56 
3252.66 
7486.37 
3354.45 
8310.34 
1844.3 
7168.33 
8192.42 
71.8171 
7029.86 
860.302 
9089.01 
9005.53 
5940.15 
6039.41 
4391.63 
189.675 
7865.45 
4610.16 
2908.01 
4981.04 
6398.49 
9355.37 
5730.23 
7908.31 
5043.18 
697.546 
3655.79 
2928.8 
4421.31 
8939.69 
9390.54 
6748.99 
240.582 
3459.87 
0.922061 
5497.07 
9289.68 
1654.53 
7712.72 
7734.47 
3274.44 
3515.01 
6814.52 
1606.16 
4750.18 
6298.66 
1552.5 
2791.49 
6581.78 
9918.17 
4649.82 
9606.91 
3255.5 
5164.22 
4982.93 
8152.88 
5515.47 
8540.29 
6607.58 
3521.56 
6941.79 
599.838 
1476.44 
4486.49 
4507.97 
5379.66 
5960.36 
5797.28 
4958.24 
3100.49 
9873.5 
3954.66 
5967.34 
3037.47 
755.291 
4167.77 
7647.24 
7086.18 
7422.41 
8445.06 
6043.69 
6221.66 
7432.36 
5732.29 
2588.44 
3974.62 
1445.2 
9533.87 
5783.55 
4178.17 
2572.61 
7935.28 
8189.57 
2054.15 
4030.62 
2634.67 
829.112 
4880.13 
317.125 
9912.43 
8173.7 
5400.2 
1112.48 
7468.99 
1281.32 
5125.47 
3708.72 
2443.57 
9055.04 
8111.73 
3822.44 
3816.37 
1796.99 
2005.7 
9725.07 
9314.41 
7233.88 
9793.97 
7226.44 
4828.06 
5217.2 
5523.03 
5552.24 
6540.77 
725.978 
1510.73 
920.974 
8802.78 
8390.55 
9915.9 
6546.99 
5254.57 
3632.29 
7823.94 
7032.25 
975.062 
7860.54 
2088.92 
8469.83 
2463.82 
9407.49 
1604.1 
69.5826 
9474.95 
5468.52 
9394.4 
1760.99 
7023.75 
8194.22 
330.282 
1057.14 
7269.08 
1402.06 
4354.16 
325.512 
875.512 
4737.28 
9539.85 
6233.59 
8012.19 
874.03 
9821.49 
9783.65 
3798.01 
3211.7 
9080.02 
7924.67 
9954.81 
451.333 
5552.97 
8817.29 
2215.84 
1575.18 
4104.41 
2819.06 
9959.81 
4571.34 
530.516 
6389.73 
2255.79 
3017.72 
8747.64 
1526.63 
8018.83 
2544.27 
1490.1 
4099.18 
4859.36 
1228.03 
9471.78 
2149.34 
4012.85 
4046.16 
3750.99 
2869.87 
3944.03 
7377.57 
4880.59 
8020.23 
5980.41 
2712.07 
1792.54 
7265.9 
8048.13 
4944.83 
7723.04 
1196.16 
3926.4 
974.813 
3675.94 
1464.36 
1416.16 
1411.28 
9420.99 
8506.35 
6254.19 
4088.13 
9266.25 
7796.8 
870.202 
5477.93 
7642.97 
5314.23 
6190.11 
7169.71 
1249.38 
8287.95 
5645.37 
1667.96 
3336.46 
5906 
2202.19 
2227.19 
2361.01 
1542.69 
7995.86 
6407.25 
6675.58 
6492.98 
7583.03 
7906.95 
2084.68 
7226.78 
555.241 
1939.81 
2385.71 
6545.78 
4949.76 
679.349 
7819.99 
543.483 
4326.65 
7957.94 
9066.17 
5059.74 
9075.55 
2811.33 
9979.24 
1039.73 
4671.34 
1239.25 
7993.83 
2282.4 
350.208 
5942.94 
2931.81 
4887.69 
7482.09 
1409.38 
7462.16 
6579.22 
7033.11 
5447.43 
4907.62 
2338.62 
5120.78 
4983.9 
4355.66 
5567.51 
3126.72 
802.694 
877.835 
3766.06 
6127.89 
1522.48 
8249.57 
516.574 
2060.65 
3287.13 
6734.03 
8907.22 
3654.29 
7589.76 
1101.53 
3368.29 
790.915 
2902.78 
7030.97 
9458.18 
3650.35 
1488.72 
835.137 
6153.35 
9295.7 
2781.63 
880.791 
3452.31 
2983.57 
4802.8 
717.595 
616.992 
9782.19 
9326.29 
6909.6 
9690.42 
6932.67 
7373.85 
2298.75 
5035.66 
4254.65 
7835.18 
5787.37 
8303.45 
6124.39 
2586.63 
3458.98 
5086.21 
3934.21 
2227.17 
2098.13 
3188.39 
7213.09 
349.32 
1024.08 
1653.92 
7354.37 
4841.11 
4518.41 
892.409 
8720.46 
4743.87 
259.729 
5268.59 
9173.44 
8049.85 
3912.18 
1961.41 
5394.94 
2727.18 
5712.28 
6364.33 
5350.12 
9449.47 
7233.39 
1502.09 
5570.66 
6101.3 
4575.43 
9290.34 
2673.51 
3710.78 
7135.75 
554.679 
2491.58 
6021.73 
7132.67 
8751 
8087.33 
3721.48 
6871.45 
8474.5 
957.92 
9761.4 
9846.73 
4048.7 
6516.54 
3490.25 
550.051 
4706.94 
9568.31 
4512.49 
1406.34 
6395.81 
4349.99 
310.264 
4615.14 
6632.56 
3354.15 
3234 
3804.16 
6444.25 
8543.86 
6586.29 
5722.42 
6781.33 
3856.36 
3770.78 
5433.98 
8921.91 
544.383 
9446.88 
3703.12 
8324.43 
8768.61 
4067.54 
3200.95 
8295.98 
518.127 
8155.56 
526.487 
8667.46 
3936.58 
2160.28 
7877.59 
8672.25 
4473.21 
1246.15 
3997.21 
1162.8 
3108.42 
3236.32 
2856.8 
4222.55 
8428.97 
5706.57 
305.042 
6846.01 
845.912 
7244.18 
2983.54 
4309.51 
9890.81 
4813.53 
1064.38 
9007.31 
5912.09 
4468.26 
8089.57 
1321.39 
8605.52 
2899.71 
5440.71 
2089.41 
6707.24 
8616.6 
9121.2 
40.9497 
8242.3 
8397.74 
867.977 
8086.2 
4814.07 
9990.59 
1800.82 
6450.21 
8703.23 
5106.85 
842.173 
4401.65 
8475.24 
3370.46 
7378.02 
2331.68 
8571.43 
27.4035 
570.17 
2840.92 
7359.25 
6875 
8098.52 
1866.22 
5567.74 
7079.27 
1331.84 
4233.7 
5842.18 
9565.8 
2480.35 
7192.1 
7564.53 
7124.49 
1240.36 
6788.23 
9757.61 
6083.03 
7542.74 
831.074 
7856.93 
1364.36 
717.763 
3437.07 
6793.4 
6592.03 
2311.64 
1709.08 
4496.28 
8960.41 
7622.18 
5909.57 
2145.84 
5138.76 
7088.72 
46.6171 
3492.97 
6417.58 
329.645 
343.775 
7821.65 
8388.61 
7361.57 
5909.56 
2024.53 
6303.04 
5206.22 
969.572 
5600.79 
2550.2 
1138.09 
7940.66 
8727.35 
648.723 
3079.37 
4955.8 
2061.67 
435.328 
6550.88 
616.576 
2785.34 
3228.31 
8195.51 
1885.98 
7694.75 
5671.68 
3941.4 
3190.13 
6474.86 
3039.28 
1095.07 
4872.66 
4795.31 
4774.1 
8222.63 
7816.37 
9673.35 
9971.72 
4672.19 
5559.62 
577.062 
8676.74 
15.5961 
2123.26 
5692.58 
5244.66 
6986.42 
800.924 
1135.44 
3340.53 
4334.06 
2599.13 
3572.58 
4299.96 
9346.54 
7280.91 
188.861 
4188.63 
8379.24 
9939.32 
116.003 
9668.09 
1608.49 
3852.05 
1449.65 
4195.09 
6821.1 
2270.32 
7236.12 
7550.02 
3139.38 
3579.45 
9770.13 
6557.43 
648.518 
9648.76 
6681.74 
24.7359 
5736.5 
3360.03 
2046.84 
1248.27 
9668.32 
5408.97 
8601.98 
3394.1 
4699.15 
8591.59 
8851.2 
2101.76 
4256.53 
9474.06 
449.716 
8378.96 
5147.7 
7420.59 
7865.63 
7651.72 
2438.62 
5877.41 
1599.26 
8686.85 
9838.81 
857.514 
2238.09 
5659.75 
3355.94 
3341.18 
5205.99 
7002.15 
5149.85 
3544.22 
7626.72 
2245 
1747.03 
2321.42 
6188.45 
9228.79 
8191.93 
1727.19 
8809.39 
9353.67 
7145.35 
1921.66 
7276.5 
6128.71 
5253.21 
775.844 
9605.94 
7025.1 
783.787 
3109.71 
4922.8 
7490.85 
8790.09 
5012.02 
7083.08 
5262.4 
5125.31 
1033.12 
3619.94 
263.544 
9391.13 
6686.99 
8239.34 
8654.04 
8524.94 
8662.81 
5854.07 
9378.65 
6918.85 
5103.57 
5660.63 
8288.03 
6917.93 
9712.31 
4761.85 
2417.45 
154.994 
4990.89 
1815.61 
4945.65 
1591.45 
7472.13 
4113.38 
3595.08 
2548.3 
9332.12 
4946.54 
6478.22 
9445.09 
3664.89 
5770.52 
5093.6 
8169.21 
9922.38 
5422.12 
9517.53 
1063.04 
6577.17 
2557.4 
2283.01 
570.976 
6401.98 
8146.27 
4440.98 
9528.11 
8969.17 
4908.26 
3167.57 
7381.35 
8287.95 
5610.7 
8955.55 
6004.88 
4085.92 
2043.33 
2237.99 
3953.36 
4171.99 
8712.78 
5717.72 
7761.38 
5478.46 
6406.54 
4752.5 
5249.64 
654.927 
7363.47 
7836.85 
3854.37 
434.669 
5486.9 
8276.23 
8653.46 
8709.81 
5807.32 
3663.45 
1661.7 
8198.74 
6198.4 
6536.99 
7257.96 
4502.41 
2004.58 
971.449 
7151.08 
8204.78 
7761.35 
5044.48 
2636.19 
6437.38 
3099.82 
8711.61 
6076.59 
9212.88 
805.822 
3448.97 
6765.82 
3086.04 
7015.63 
1681.37 
8783.79 
9215.79 
9785.98 
2965.39 
9333.98 
6139.16 
855.888 
4905.13 
457.679 
2216.6 
4447.45 
8250.7 
9560.63 
5591.29 
2829.73 
9273.05 
2081.36 
1421.56 
2195.29 
6194.38 
8898.54 
7708.47 
6177.98 
3277.45 
4054.18 
8658.34 
754.502 
909.584 
7372.61 
1446.17 
5752.93 
9434.19 
423.678 
760.008 
3447.4 
448.946 
5435 
6115.27 
9334.27 
998.944 
9245.44 
8029.94 
9257.1 
4032.67 
7154.2 
605.141 
606.574 
4694.5 
383.465 
4888.06 
3677.6 
9353.23 
9747.32 
3196.66 
6233.59 
7918.51 
6366.71 
5225.78 
9741.57 
6574.18 
2270.24 
5955.97 
1914.01 
8776.83 
2177.37 
5033.11 
1403.32 
5560.64 
7747.02 
4168.64 
2307.75 
6301.69 
2424.05 
1045.18 
6288.15 
4948.67 
2348.35 
8697.22 
4201.79 
9401.15 
5206.8 
670.357 
6689.2 
5347.06 
7976.61 
2931.44 
8638.81 
2450.52 
5895.93 
2850.83 
3906.19 
1260.38 
3144.06 
2163.08 
4916.34 
8924.95 
1585.15 
1547.55 
9596.56 
9370.79 
4894.81 
7055.47 
1251.83 
9588.1 
7130.29 
8733.45 
3015.13 
5256.19 
776.404 
9019.18 
5415.16 
2641.11 
9142.38 
6045.27 
2841.8 
2172.69 
6338.88 
7628.16 
6489.92 
6084.03 
4268.79 
5499.63 
2215.2 
907.294 
8891.53 
9872.54 
7724.49 
5533.04 
3832.41 
1284.71 
2126.17 
4465.81 
6901.97 
1349.86 
7144.56 
8609.94 
7283.4 
2148.3 
6416.83 
7637.07 
6305.1 
9778.27 
3364.16 
1438.95 
4469.95 
6477.29 
3871.17 
2674.13 
4071.72 
3436.58 
8660.47 
6468.73 
9928.97 
6251.49 
8766.18 
3142.75 
268.344 
61.7421 
7699.79 
322.082 
3234.85 
8135.26 
9234.25 
117.487 
4602.36 
1793.87 
9516.19 
8664.44 
3319.78 
5461.6 
3124.45 
2703.54 
8348.26 
9277.35 
4353.18 
3972.39 
3982.57 
4972.61 
4675.7 
4418.69 
4981.95 
1618.9 
8784.24 
6736.62 
2338.87 
9455.81 
3764.75 
4143.62 
1875.58 
2899.52 
2296 
8890.76 
6932.73 
8407.09 
7917.54 
50.2913 
5245.06 
3765.86 
2779.15 
9133.69 
9844.31 
3298.13 
1615.1 
5030.48 
7283.65 
6272.17 
6308.16 
1193.45 
8232.61 
5491.01 
7338.62 
188.128 
1866.56 
1339.46 
2251.89 
7588.8 
4946.49 
5696.76 
5396.95 
6473.47 
9554.85 
8284.95 
5094.46 
2517.45 
780.138 
1771.4 
1977.38 
3894.74 
8832.65 
393.202 
8545.74 
8257.72 
7581.97 
174.979 
864.218 
4916.45 
710.846 
7193.02 
3126.02 
8970.16 
1526.7 
9191.54 
2166.44 
1391.58 
8234.94 
4702.21 
72.5077 
8637.07 
3238.52 
9786.31 
8429.68 
7702.28 
2219.06 
5791.5 
7662.62 
5571.98 
8297.2 
1004.12 
6208.29 
2793.65 
2906.77 
4146.54 
968.048 
9983.21 
7800.53 
3573.27 
5982.85 
3695.17 
4681.67 
4759.79 
7809.95 
1894.23 
6260.62 
2210.76 
6170.87 
3775.83 
413.246 
5433.21 
6025.15 
4684.81 
7660.65 
2496.73 
2504.59 
4683.83 
1126.27 
9188.61 
2920.66 
7482.62 
422.149 
5063.61 
4112.21 
3938.53 
4870.36 
6117 
8448.2 
8940.08 
5931.89 
7347.7 
2724.93 
7826.63 
2185.62 
3774.6 
9650.36 
3573.54 
441.685 
3403.83 
8145.83 
6912.95 
5960.45 
7321.86 
8519.37 
5017.25 
4919.2 
7012.51 
9216.83 
7328.71 
3602.14 
1107.62 
5823.36 
3290.87 
9731.69 
494.478 
690.816 
548.166 
3030.03 
5632.31 
2195.12 
3343.39 
2313.07 
5801.7 
9107.92 
6828.2 
1601.79 
1245.55 
3915.44 
6814.87 
7444.48 
9309.38 
2756.91 
5377.91 
6495.26 
5755.59 
4260.97 
4151.31 
1139.73 
5462.01 
43.9822 
9208.17 
1681.78 
5618.48 
9850.8 
2357.8 
7539.1 
9634.74 
1006.99 
4448.78 
673.72 
3215.93 
175.699 
2976.7 
9374.27 
3287.74 
7069.69 
340.998 
1154.88 
126.981 
4170.6 
5248.94 
8851.98 
5225.17 
9450.44 
3590.42 
4163.93 
3138 
290.52 
2773.95 
1800.17 
5450.95 
4180.39 
9830.98 
9360.27 
7998.52 
1045.18 
6396.39 
4116.28 
2369.95 
1828.55 
2372.68 
7606.7 
5833.84 
9369.39 
1358.49 
2149.81 
1810.34 
6459.86 
889.545 
582.809 
5270.34 
8604.5 
5902.17 
7726.29 
5782.51 
6591.23 
8747.37 
6991.56 
7132.12 
9484.27 
2084.65 
6795.79 
6769.25 
754.717 
4522.94 
7054.02 
6867.37 
9932.33 
2740.03 
1690.41 
788.868 
8498.53 
4806.56 
3798.13 
5189.43 
8679.09 
9389.59 
843.145 
732.227 
6539.36 
6991.81 
1329.79 
9776.94 
999.214 
3794.04 
6477.03 
9514.3 
6902.85 
6144.91 
7494.64 
2467.07 
4079.29 
661.573 
9052.26 
1250.01 
8954.51 
8496.83 
6161.58 
7601.26 
4373.87 
1677.24 
9334.63 
7083.63 
4614.21 
943.737 
1388.66 
9249.07 
9163.2 
5912.46 
769.351 
478.177 
6722.34 
2413.23 
9130.22 
1671.22 
8180.37 
7479.44 
6945.9 
9718.65 
1398.56 
5557.62 
6907.55 
5219.88 
583.194 
1736.72 
9071.2 
9687.52 
8224.79 
4057.07 
7239.75 
8420.62 
5386.58 
2201.51 
795.681 
3006.14 
4184.88 
5267.17 
5269.6 
6129.66 
1244.76 
622.979 
404.727 
2253.15 
8752.32 
225.544 
716.664 
4978.18 
8343.17 
3659.37 
3042.99 
3541.28 
8307.36 
1880.84 
1244.21 
1371.58 
2216.12 
6313.89 
7604.37 
6729.54 
3441.69 
4478.25 
5938.65 
963.959 
1264.56 
3405.52 
6602.27 
4364.51 
4243.79 
5442.03 
4211.58 
4049.96 
7732.42 
8757.1 
569.564 
2657.56 
5650.83 
3453.97 
892.869 
6447.59 
4632.86 
4506.44 
9716.84 
922.284 
833.7 
2002.66 
8673.67 
8322.35 
3717.2 
4983.43 
6536.8 
4055.64 
3185.64 
974.897 
5096.97 
4780.55 
6674.51 
8515.74 
3968.28 
4925.81 
8145.15 
5554.78 
9114.65 
9985.92 
3342.41 
5908.61 
6020.86 
2572.33 
3219.18 
4833.81 
1843.04 
6047.62 
2425.07 
8213.02 
6264.84 
3227.39 
2691.23 
1581.54 
883.322 
6000.84 
6061.07 
8473.24 
9678.8 
1669.22 
4536.22 
205.014 
5674.74 
5358.54 
943.025 
9428.25 
570.476 
7997.72 
7607.86 
5221.79 
2670.45 
2198.95 
7775.62 
4776.9 
5293.78 
2635.51 
4991.32 
9084.66 
5927.9 
258.65 
7128.16 
2995.82 
697.752 
7117.4 
2092.5 
8655.32 
9893.04 
2339.64 
2397.1 
8074.33 
5324.14 
2801.22 
164.947 
2258.55 
9515.9 
3685.31 
8978.96 
9355.62 
9910.52 
6187.1 
6513.92 
9492.51 
620.313 
5599 
2362.17 
950.912 
1979.79 
4265.5 
205.232 
9326.68 
3521.24 
1498.47 
4752.81 
418.798 
8733.24 
9566.67 
7075.98 
5959.34 
8598.06 
7515.01 
4844.43 
343.587 
4673.72 
1259.46 
7788.88 
7653.5 
2386.3 
6539.12 
2920.69 
8003.15 
9000.44 
373.59 
8932.49 
8287.49 
7845.84 
5054.43 
9740.52 
8944.03 
2356.4 
4070.87 
9107.83 
5331.8 
1576.69 
9507.94 
10.2171 
1719.07 
2448.05 
4378.76 
3823.04 
3905.11 
3213.55 
158.377 
1850.63 
3577.14 
952.198 
3597.39 
1367.02 
5445.93 
9788.57 
6546.06 
9614.98 
9039.48 
6596.5 
7300.62 
1549.2 
7339.32 
1891.45 
9528.82 
870.108 
3899.67 
1732.61 
9944.95 
4804.51 
9328.61 
5939.86 
1270.65 
5786.56 
4754.75 
3167.07 
8877.06 
6696.6 
9755.49 
549.204 
469.367 
8654.87 
2422.46 
4259.35 
6892.85 
8177.41 
7685.34 
7499.51 
4196.99 
8731.71 
3924.67 
1928.42 
905.911 
5651.83 
249.047 
5724.71 
5244.81 
9469.96 
1687.24 
7372.33 
6786.9 
7361.51 
4917.73 
2240.64 
8440.56 
475.003 
3377.58 
6903.11 
585.983 
8612.52 
707.152 
5096.65 
9430.44 
7442.54 
6717.48 
738.1 
5242.32 
7645.38 
5855.13 
7194.2 
2962.89 
7278.75 
3888.44 
2988.91 
4661.73 
9724.43 
8460.09 
8790.88 
8328.67 
9944.98 
5274.17 
2911.28 
9815.25 
4865.07 
7148.48 
4495.53 
6314.48 
7548.72 
1273.91 
676.177 
4508.87 
645.855 
4885.29 
7094.81 
2492.07 
4201.45 
3851.95 
9653.49 
6272.71 
5399.66 
2065.04 
7155.14 
6416.75 
6399.96 
4126.93 
1244.99 
4537.81 
6921.73 
3591.37 
134.808 
5725.37 
6291.26 
7165.66 
3263.19 
4514.53 
5776.47 
5115.46 
5570.84 
9056.62 
4559.61 
3416.05 
3549.83 
1947.3 
8314.1 
5072.21 
8597.32 
5137.53 
6517.1 
2970.48 
4903.58 
4545.82 
1646.11 
6122.51 
1047.93 
2480.32 
6758.83 
5632.58 
6813.85 
369.06 
2793.97 
8177.05 
1693.08 
5592.01 
4982.05 
3258.21 
689.345 
5827.4 
1195.51 
2881.36 
6955.92 
8108.94 
6879.18 
8324.69 
3069.98 
7235.91 
3886.02 
2408.48 
9391.81 
8124.37 
6247.56 
2715.85 
5241.23 
9375.89 
619.379 
9910.34 
3027.43 
2078.09 
6511.83 
4389.05 
6809.91 
4159.46 
8098.45 
716.292 
8720.53 
5989.28 
1867.96 
4743.51 
4168.94 
7300.34 
6887.5 
8171.19 
3137.33 
9164.24 
3392.82 
3049.92 
77.4061 
964.996 
8693.33 
8852.07 
6762.43 
6102.79 
9587.8 
2222.84 
9278.77 
8253.9 
3277.47 
4407.86 
2850.99 
6559.01 
7309.05 
3124.07 
6211.8 
1699.13 
7330.74 
7828.26 
9531.98 
3906.28 
2874.8 
6758.99 
8428.94 
5265.55 
8150.68 
8486.1 
5910.98 
5810.35 
4633.39 
3345.38 
5864.01 
6461.07 
1119.69 
8665.25 
6799.52 
9571.01 
9951.14 
8758.26 
9999.62 
3631.92 
1647.92 
6617.49 
147.158 
3281.93 
9478.86 
1207.12 
8145.83 
6893.46 
8431.36 
5864.61 
6480.54 
8426.83 
9710.83 
9871.41 
8843.69 
5880.66 
6216.83 
6187.45 
2476.6 
4187.16 
3647.13 
7375.01 
1737.33 
9386.2 
3861.54 
927.337 
5757.95 
3803.31 
2249.02 
9249.86 
2321.05 
9872.65 
9549.13 
2252.97 
5657.22 
976.467 
1479.9 
2610.51 
4883.79 
1869.95 
8308.62 
2911.7 
6957.75 
8881.28 
7677.62 
7778.92 
350.692 
4081.34 
5131.56 
6194.09 
3994.77 
76.5485 
6551.25 
6864.29 
8086.24 
5400.96 
4009.32 
4643.94 
623.604 
918.359 
4856.23 
8717.94 
2466.76 
8912.71 
5990.73 
6198.81 
3365.42 
2662.74 
2589.97 
9658.18 
5058.42 
6851.56 
4161.98 
438.173 
4365.61 
2840.97 
8164.97 
8690.29 
7666.44 
9897.3 
3954.84 
8927.5 
4575.08 
3356.3 
9407.16 
6199.44 
4019.22 
1107.6 
5446.92 
6323.27 
5115.69 
9423.13 
4586.7 
8611.3 
183.985 
2239.43 
8038 
4615.09 
5863.14 
1874.2 
9674.77 
3909.69 
97.142 
2666.25 
1630.07 
6532.11 
5151.67 
4197.76 
1681.54 
1610.44 
6718.73 
1760.2 
3633.54 
8877.11 
7628.49 
1959.93 
474.918 
1940.58 
5249.83 
3892.77 
5861.8 
9314.69 
2000.45 
1568.46 
1091.87 
1104.41 
1775.48 
425.87 
7605.3 
2307.93 
9408.99 
6872.08 
9026.25 
4150.03 
9524.94 
5714.1 
6821.2 
3860.32 
453.164 
6327.27 
2500.18 
571.4 
3518.42 
4141.66 
8804.4 
5506.57 
8890.48 
2306.8 
366.65 
2279.75 
5716.82 
2514.05 
3559.6 
6117.84 
2565.49 
8117.71 
4368.12 
5042.16 
3595.44 
8596.52 
1734.8 
6739.53 
1300.17 
1966.16 
5324.08 
1849.93 
1746.8 
8431.64 
592.362 
5827.6 
4489.86 
1082.52 
3904.19 
7708.97 
4592.42 
4814.99 
5560.29 
1761.18 
122.133 
2689.17 
6921.29 
6057.86 
4490.7 
5154.33 
8847.27 
6078.27 
7529.62 
307.858 
4177.31 
7981.13 
8883.06 
7626.87 
4748.19 
2793.19 
5127.68 
846.641 
9502 
98.0828 
8477.24 
6900.43 
5516.11 
9321.19 
1226.12 
7408.94 
2085.01 
2797.05 
9945.2 
8915.78 
7444.1 
2971.66 
4771.45 
3744.05 
6204.92 
6174.41 
3301.48 
7891.55 
3280.66 
8025.53 
5083.78 
3060.84 
3497.84 
8190.86 
3701.41 
9660.36 
1619.54 
9575 
7092.78 
8288.96 
2498.2 
7248.68 
8500.96 
5581.08 
1205.2 
5801.48 
5414.89 
8092.11 
4118.4 
8007.8 
7039.12 
6543.61 
8501.42 
3415.43 
3161.89 
1841.1 
3369.95 
8752.11 
6643.1 
609.52 
4198 
5831.78 
4784.12 
6665.04 
9338.65 
4771.87 
744.03 
4918.02 
7130.63 
4565.97 
236.364 
2566.5 
5200.72 
8475.19 
2559.18 
2170.9 
6283.98 
4898.76 
3375.57 
3260.91 
6196 
6242.7 
1009.57 
7832.93 
8040.87 
2866.62 
9211.49 
7586.86 
2400.61 
7120.14 
8220.65 
4486.36 
2325.74 
8698.19 
528.374 
381 
3469.43 
710.562 
2423.16 
6105.66 
7750.5 
2617.29 
8871.02 
5300.74 
9579.78 
7344.6 
714.711 
2140.15 
9460.92 
9736.4 
9646.46 
8111.2 
4974.19 
1139.23 
7087.88 
5926.05 
9069.47 
627.12 
2.12477 
5711.02 
5088.9 
9080.7 
9273.45 
8955.26 
1060.89 
349.771 
8605.25 
8363.16 
9561.82 
5464.4 
158.273 
87.4296 
9428.85 
629.161 
4309.17 
4236.1 
6130.84 
1106.99 
5114 
927.713 
2076.96 
7413.46 
7986.16 
3366.37 
8588.54 
7519.69 
3372.26 
7625.37 
9575.3 
2020.65 
1057.26 
9389.32 
6304.24 
5391.99 
3232.75 
2847.8 
2970.45 
4396.83 
7474.04 
6201.5 
8526.47 
4369.3 
4873.01 
619.929 
9142.17 
2371.57 
9004.05 
1034.45 
5966.96 
6686.92 
7047.86 
3341.18 
5170.69 
3766.73 
7369.85 
5032.12 
4846.48 
4739.07 
9575.81 
641.552 
2561.66 
3763.82 
8597.56 
9159.35 
1155.68 
3433.45 
6033.38 
2973.78 
392.777 
1409.89 
6048.63 
9317.35 
6744.19 
9680.16 
4499.13 
6841.12 
8710.12 
1042.07 
4028.43 
5837.5 
925.977 
2892.82 
9578.36 
3519.96 
9956.93 
6198.59 
9661.83 
6350.63 
5039.4 
7242.75 
8946.33 
985.405 
1708.7 
8076.86 
7720.44 
7468.75 
7311.86 
474.698 
8245.36 
9683.16 
4839.9 
4202.01 
3263.55 
420.626 
9452.91 
5115.8 
1306.39 
6524.66 
9919.98 
5165.23 
2019.76 
6187 
4961.09 
1079.96 
968.336 
4826.32 
6014.59 
7258.75 
7857.48 
717.023 
1005.35 
6909.2 
2874.05 
4096.09 
2918.48 
966.348 
1410.23 
1751.31 
4326.68 
8562.21 
5098.79 
5346.67 
1452.24 
7769.73 
5818.01 
3354.54 
9816.13 
9714.74 
5632.32 
2477.81 
4488.3 
4777.31 
2244.46 
2660.54 
5634.01 
853.325 
1839.12 
101.62 
7922.27 
9539.52 
628.74 
7225.21 
4122.54 
7529.51 
8526.58 
6176.72 
2209.8 
113.036 
9803.63 
9637.38 
5438.54 
5518.12 
2984.67 
3398.88 
5025.25 
9310.95 
9187.65 
6903.76 
1453.05 
1462.12 
3809.13 
9977.83 
7394.93 
6651.94 
9107.99 
7974.77 
1887.75 
7425.25 
6159.77 
7215.15 
4965.27 
1345.66 
6437.93 
2301.36 
9004.51 
8809.95 
8759.48 
574.52 
5953.92 
7591.55 
1122.31 
2592.94 
9466.06 
6011.32 
2238.59 
4053.06 
9741.46 
4712.91 
9953.47 
7898.24 
5739.64 
6072.43 
9303.68 
6882.48 
3796.35 
5289.41 
9082.51 
9704.57 
4706.14 
6123.07 
484.727 
6799.13 
2988.17 
2202.15 
1565.7 
4787.16 
7780.86 
2886.71 
6920.35 
245.153 
282.022 
9937.16 
3774.73 
1841.12 
3631.19 
9483.47 
8748.76 
350.923 
7968.39 
4689.42 
5133.41 
7169.29 
4252.68 
4820.73 
2043.38 
3036.52 
4753.89 
8583.02 
4785.74 
3958.96 
8167.16 
5440.65 
973.604 
3364.79 
1965.81 
9371.89 
3415.91 
1231.11 
1246.81 
5125.29 
797.623 
5647.89 
4099.4 
8608.66 
5720.82 
9757.43 
3081.54 
1485.61 
8633.96 
944.833 
9801.14 
7680.21 
1356.3 
5385.83 
9627.43 
8239.12 
4827.34 
3123.43 
5440.52 
8872.07 
2837.91 
6824.69 
2638.47 
4757.32 
6310.4 
8826.46 
6371.52 
6126.73 
1911.47 
6121.55 
4924.43 
4906.08 
6454.31 
7563.3 
6389.69 
1601.35 
3827.87 
5030.59 
9202.6 
8022.44 
3177.11 
7619.29 
7431.55 
2093.9 
2208.07 
1028.06 
8552.31 
8690.61 
3126.27 
3289.07 
9339.71 
2432.54 
3655.24 
3663.87 
8672.33 
5803.22 
4777.86 
1565.67 
4166.21 
1572.75 
3160.45 
7618.88 
492.536 
8060.18 
7417.31 
2648.09 
6464.28 
5096.83 
2428.65 
8253.8 
1560.36 
5017.14 
3043.3 
8720.07 
8177.16 
3478.59 
4623 
8780.25 
9699.3 
6206.89 
9176.17 
3954.25 
9077.86 
1637.95 
8946.22 
9043.14 
7975.81 
9504.05 
4517.2 
623.443 
8210.59 
5412.29 
4388.57 
8694.12 
2103.91 
491.444 
9702.49 
9750.68 
9692.24 
7541.83 
5609.41 
7382.01 
9461.11 
2903.18 
3781.68 
8692.72 
8577.07 
4746.51 
4543.44 
1589.11 
8099.86 
4331.81 
4788.61 
2156.63 
6535.53 
2588.69 
8186.54 
1136.65 
3650.12 
7525.05 
3522.33 
9837.92 
5936.38 
2814.24 
9000.88 
7706.43 
1947.71 
5138.07 
5500.45 
5989.85 
1360.56 
6926.75 
7864.23 
4045.35 
269.755 
3768.28 
3552.34 
4179.33 
2003.45 
2063.41 
9747.19 
1082.68 
6561.63 
1364.93 
379.572 
9467.29 
6675.75 
9352.9 
4121.57 
1203.79 
2015.89 
1030.68 
2621.11 
2983.47 
3130.54 
5038.4 
427.798 
8.50542 
2950.67 
1900.26 
7667.28 
3908.62 
2110.81 
6467.67 
2146.76 
558.426 
5469.67 
8764.51 
5155.89 
5084.08 
8097.73 
8587.53 
664.113 
1753.32 
7999.01 
9372.68 
6549.11 
847.258 
9869.83 
2152.17 
1515.71 
4489.69 
8258.53 
1124.09 
2640.56 
9865.32 
6412.72 
8517.09 
6652.31 
5366.35 
2167.05 
1683.64 
7003.24 
3481.16 
7928.49 
4192.63 
5516.5 
5808.86 
9475.6 
6440.78 
111.87 
198.498 
6162.7 
6550.39 
2351.15 
5727.28 
8447.54 
7791.18 
6406.55 
4898.07 
1852.5 
4913.92 
8255.92 
7307.46 
6495.24 
5464.53 
2370.63 
3189.38 
3941.32 
1848.45 
6951.84 
9618.89 
4702.96 
2585.15 
8622 
9915.54 
444.222 
6033.51 
5270.2 
6210.57 
1123.53 
3170.34 
3880.15 
3748.65 
3511.45 
6984.35 
5992.52 
6299.65 
8221.64 
1180.32 
7689.36 
5074.65 
9605.77 
4209.09 
2172.24 
8758.73 
8018.83 
2511.16 
5085.26 
7888.66 
4769.3 
7622.61 
3274.42 
3150.62 
2415.1 
622.36 
0.0390364 
656.085 
6812.78 
2394.16 
8640.56 
1877.51 
5348.59 
3750.18 
9229.22 
5417.7 
5305.47 
8979.16 
2674.47 
9824.96 
8180.03 
1688.87 
4767.21 
2452.87 
5338.95 
1734 
3384.77 
7849.24 
2156.48 
3911.97 
8491.35 
4170.43 
2439.43 
9416.79 
8026.61 
3226.08 
807.532 
2195.22 
5061.67 
1434.46 
8950.18 
5744.38 
5875.18 
4091.15 
9891.04 
8664.03 
6340.77 
9269.78 
7190.49 
621.397 
3819.65 
6802.12 
3257.57 
9938.42 
4998.59 
1276.51 
4368.14 
5257.23 
8253.86 
2630.78 
5440.42 
7183.22 
8298.61 
4752.22 
526.502 
8915.16 
7107.58 
7068.73 
4154.27 
755.312 
4531.46 
208.25 
65.5021 
894.04 
6138.58 
1077.07 
2384.98 
4275.76 
2636.27 
7767.32 
5316.16 
8724.01 
4493.51 
2349.53 
8540.35 
7740.6 
6247.15 
5924.28 
9379.44 
189.398 
3207.9 
5157.06 
4624.72 
7701.03 
1287.83 
4554 
9008.67 
8726.66 
8959.1 
5608.24 
7734.46 
3051.62 
8634.18 
4731 
3836.91 
6866.93 
2530.62 
2192.27 
5513 
7013.1 
9211.42 
6345.68 
1822.79 
5672.09 
896.23 
2930.18 
7588.38 
7892.51 
9372.93 
763.999 
523.063 
1116.09 
8180.72 
3311.42 
4959.49 
4136.59 
3717.36 
7719.92 
8724.43 
1456.55 
204.262 
3039.46 
4176.47 
3930.61 
1722.76 
4504.04 
9339.35 
6427.21 
2079.64 
2588.04 
7253.1 
2846.61 
3015.01 
3290.75 
7691.67 
3854.62 
4607.53 
8804.78 
1921.92 
1730.8 
9545.46 
466.289 
6911.93 
8751.44 
5456.4 
5756.66 
2174.67 
9679.22 
8605.65 
5162.47 
5646.02 
2700.16 
1633.38 
2280.28 
4601.15 
1580.39 
1609.24 
6574.6 
9278.05 
6206.85 
8475.56 
8691.46 
7289.42 
3278.14 
5623.12 
7816.78 
6541.77 
7534.59 
3902.95 
6915.4 
7104.61 
7258.66 
6370.79 
3798.79 
6218.35 
1730.14 
8409.63 
609.051 
6323.19 
3824.73 
2264.98 
7488.8 
4272.04 
228.174 
4921.64 
8028.55 
5880.05 
5921 
4281.01 
1007.09 
6179.11 
2363.3 
9996.62 
3133.37 
2485.22 
9060.77 
4381.94 
7269.95 
5983.36 
2407.25 
8601.29 
1936.3 
3377.31 
2399.9 
5058.06 
866.187 
8007.74 
6155.92 
2504.22 
8440.81 
4748.04 
379.145 
2296.92 
4385.01 
8868.81 
8043.7 
516.213 
5988.56 
9694.2 
344.809 
5202.37 
6193.14 
8105.05 
1536.04 
6177.7 
8674.45 
1419.46 
6944.15 
265.912 
9186.57 
8716.76 
2625.59 
8258.35 
8046.06 
143.86 
7848.15 
3902.33 
6490.28 
2193.92 
3189.23 
1462.56 
1200.19 
1634.2 
5949.11 
6663.52 
3831.66 
8651.15 
9882.41 
3686.57 
99.5116 
2492.21 
6657.21 
7779.11 
3491.49 
1511.1 
7103.41 
7078.53 
8814.81 
587.614 
6026.18 
2063.81 
6526.86 
7007.03 
7228.04 
1628.21 
5326.65 
5052.03 
9544.99 
2702.53 
1426.09 
8271.82 
4525.53 
657.147 
4661.83 
1419.93 
4806.52 
3127.88 
293.249 
8639.29 
592.292 
4656.93 
9067.51 
7638.43 
9017.46 
6385.59 
2677.33 
7881.3 
975.939 
2604.79 
8758.76 
8448.42 
2620.35 
261.391 
3194.4 
8362.96 
6292.35 
5553.4 
6034.93 
8994.82 
5915.42 
429.072 
1420.75 
8500.63 
57.3065 
3149.71 
7121.12 
4738.28 
6303.62 
4914.29 
4388.12 
1110.6 
5933.34 
1602.4 
1484.16 
4280.65 
4809.47 
2720.06 
6064.71 
9543.65 
85.7318 
895.157 
4899.64 
8201.3 
9239.13 
2026 
947.104 
7970.42 
8788.37 
6068.7 
6665.72 
771.963 
4380.43 
1891.07 
3136.24 
804.752 
5472.5 
6304.85 
5665.43 
8941.11 
3286.09 
9239.12 
1966.36 
8629.16 
257.861 
3874.36 
6382.35 
8196.72 
2291.99 
1431.29 
5652.45 
776.374 
8518.92 
7519.74 
4348.92 
2225.95 
1563.45 
6970.61 
5080.82 
3306.18 
7001.9 
920.011 
2631.24 
3174.28 
194.703 
2365.9 
3639.58 
455.168 
3.90649 
5656.43 
7604.65 
1276.59 
5581.22 
3614.39 
7078.8 
3401.22 
4362.22 
5857.1 
214.124 
8783.33 
1469.41 
6314.03 
9929.59 
6606.4 
3782.91 
9432.44 
1084.89 
3738.22 
8220.03 
4112.9 
5564.44 
1623.89 
2711.02 
4046.17 
4015.91 
5424 
1184.19 
2684.54 
9051.57 
9788.69 
8440.67 
2282.74 
5975.88 
6620.43 
9593.45 
7189.02 
5900.01 
1462.11 
3602.74 
1326.36 
2082.59 
2047.96 
35.9387 
4021.02 
1321.22 
5762.67 
3113.55 
9363.48 
2015.49 
4335.92 
3881.75 
634.808 
9221.19 
615.848 
550.222 
7573.35 
5283.21 
4961.74 
2017.16 
2396.51 
8151.98 
400.953 
8817.69 
8941.19 
4627.29 
869.879 
50.4256 
7502.27 
579.337 
6910.12 
8418.23 
5243.25 
3317.06 
9752.87 
6403.47 
3160.06 
1050.29 
2142.33 
6069.31 
6948.08 
6433.4 
6208.78 
1020.89 
8060.43 
1573.34 
3159.73 
5558.52 
2076.39 
7814.73 
2150.51 
3662.91 
2547.74 
9813.69 
8688.6 
9285.37 
9154.65 
2150.75 
7608.11 
9431.36 
2900.56 
9633.6 
1922.07 
4290.88 
6871.33 
6523.23 
5956.58 
2242.47 
9195.84 
4521.07 
5612.2 
4326.53 
5998.84 
2527.04 
1935.49 
9774.53 
516.458 
115.716 
4831.39 
1255.42 
9762.94 
5668.12 
4042.37 
43.9518 
8697.5 
8841.1 
2371.21 
2929.69 
9295.56 
452.191 
9973.53 
5084.21 
358.301 
1962.26 
9705.38 
8257.42 
2487.86 
3544.05 
4916.05 
4132.08 
7843.69 
8848.23 
2255.77 
2714.6 
4289.1 
6932.5 
4499.22 
8469.16 
1200.81 
2061.19 
2428.87 
2078.23 
8815.92 
9113.88 
7016.76 
758.301 
4773.15 
2300.75 
8655.55 
3761.93 
6729.83 
8332.07 
7180.55 
3480.28 
3085.39 
6200.53 
2242.69 
2901.16 
9771.49 
9395.94 
7644.99 
9319.72 
6564.21 
4738.59 
1486.08 
6606.84 
1120.37 
54.9618 
3742.61 
1996.4 
3488.13 
4918.86 
1303.48 
7661.9 
3470.38 
6676.9 
8718.62 
3855.31 
6125.13 
5075.32 
938.276 
9610.94 
1122.72 
9563.26 
9650.93 
3223.37 
5219.09 
7210.04 
9171.99 
3589.01 
447.603 
2863.21 
1926.62 
692.682 
1912.97 
1239.03 
4409.43 
9290.81 
668.696 
8769.02 
864.745 
3769.95 
1518.31 
8157.7 
6501.25 
6579.81 
6916.64 
7943.18 
1088.75 
8657.72 
226.548 
7592.35 
4649.25 
9875.21 
2592.83 
7726.33 
6476.39 
8731.52 
715.232 
912.255 
2275.39 
2405.73 
3060.33 
4941.58 
3188.59 
626.871 
5817.13 
8509.56 
254.959 
5095.65 
2648.59 
4909.56 
4893.26 
1019.72 
8438.15 
30.9095 
9495.92 
7947.76 
8058.75 
3342.77 
1888.74 
4044.78 
599.023 
7784.99 
2279.92 
8557.32 
2838.87 
2955.23 
8596.72 
5106.63 
7164.8 
8741.13 
2202.5 
7432.98 
6036.17 
9978.8 
3717.61 
1862.89 
9567.96 
8689.91 
1238.1 
8704.25 
2411.34 
7468.65 
5549.29 
6849.43 
8370.74 
7086.95 
330.363 
2403.66 
8345.53 
3297.74 
5109.35 
2928.71 
2803.52 
8763.5 
8214.39 
9180.22 
1924.94 
2406.46 
5408.3 
7371.45 
1929.63 
1286.01 
3998.29 
9176.2 
4427.75 
7114.05 
5759.94 
7279.2 
1461 
5006.59 
5703.33 
5832.57 
8056 
7130.8 
7287.98 
9079.08 
2097.56 
3716.6 
4920.36 
6564.19 
4288.42 
5432.51 
4188.7 
9564.78 
5283.47 
9210.21 
5990.07 
5189.61 
1789.6 
7768.11 
8622.4 
6640.66 
9550.2 
130.823 
8742.06 
7770.01 
562.75 
8138.61 
5542.71 
6357.22 
5770.01 
6484.52 
5286.88 
6511.91 
5690.5 
228.7 
3768.49 
7028.89 
4580.2 
9443.63 
9038.51 
281.724 
4942.84 
4250.6 
9860.81 
636.009 
9398.59 
2133.59 
9299.53 
7237.97 
8481 
208.791 
9153.56 
3889.01 
2594.76 
196.765 
7028.73 
1872.51 
1315.06 
2265.19 
1095.58 
3461.71 
940.908 
3834.94 
3809.91 
3221.06 
6432.38 
9085.78 
4755.72 
9400.21 
9295.71 
3031.68 
3513.12 
5042.35 
6855.28 
6716.04 
6463.6 
3692.48 
9509.9 
2846.45 
347.628 
2581.8 
2285.76 
6716.66 
6877.68 
3134.89 
8175.82 
1058 
1744.42 
8433.49 
1733.88 
1263.51 
5847.14 
2889.95 
1380.21 
7259.32 
7472.57 
1466.65 
9923.93 
1528.77 
4063.57 
6404.45 
9581.73 
214.257 
1009.62 
8708.62 
5803.98 
7546.12 
7574.76 
8913.06 
1743.97 
942.25 
6393.82 
961.213 
5113.87 
8745.64 
8026.24 
7093.58 
1742.88 
2532.91 
577.796 
1010.24 
9100.55 
2994.46 
7848.98 
7806.42 
2578.56 
7941.17 
7254.11 
9753.53 
7521.85 
9688.03 
6639.16 
4279.24 
1189.8 
6936.96 
9426.54 
1791.51 
9873.91 
829.186 
6129.69 
1640.38 
9858.17 
6253.76 
7017.32 
136.17 
8612.41 
8822.01 
1589.62 
6776.49 
2385.26 
9073.01 
38.8889 
3605.61 
9501.03 
3729.86 
7716.36 
8817.48 
5457.21 
9265.52 
5604.65 
7357.7 
838.859 
8707.95 
4528.77 
5000.87 
9655.23 
5427.5 
9968.05 
3011.28 
626.58 
929.563 
3160.87 
4731.25 
8088.27 
9508.83 
4897.69 
5530.43 
4.03598 
7832.71 
4317.39 
2448.53 
2423.41 
200.099 
3059.74 
5097.65 
6274.04 
7808.67 
267.698 
9206.02 
5579.99 
2847.83 
3396.36 
2683.26 
7515.67 
5941.67 
1719.53 
128.223 
5041.02 
4437.82 
6452.57 
8358.97 
9187.1 
7673.42 
7101.09 
8101.17 
6430.04 
9625.7 
9120.17 
2702.02 
2849.56 
2586.69 
4433.21 
8910.08 
1684.71 
4995.59 
963.838 
9227.9 
3326.91 
5429.28 
9840.68 
2225.6 
5692.97 
1791.1 
3084.69 
4428.73 
3624.79 
1823.94 
4935.06 
3538.81 
6753.65 
8571.58 
2566.28 
1428.64 
1207.44 
3462.04 
6566.81 
8458.57 
3139.72 
9281.9 
833.326 
5707.28 
2307.64 
4513.28 
4724.08 
7673 
146.505 
2307.25 
7984.68 
8531.97 
6825.33 
3379.46 
8533.15 
6610.63 
4854.02 
1455.82 
7903.64 
6413.21 
6847.63 
8104.76 
6783.4 
8540.48 
9786.49 
1540.35 
8711.56 
5110.42 
872.93 
1328.8 
3090.18 
6650.36 
2574.48 
9357.76 
5832.07 
9642.49 
1377.79 
6454.51 
1014.26 
6662 
8212.12 
1017.04 
3416.26 
7066.22 
1875.52 
1785.36 
6576.48 
917.088 
3499.95 
3663.17 
6887.77 
2778.73 
2063.97 
9129.52 
9898.48 
3777.93 
5729.58 
7071.45 
9929.45 
4232.12 
9164.12 
1445.85 
394.368 
8141.4 
2571.68 
2187.68 
8375.29 
3473.25 
4927.17 
1020.92 
8671.12 
5466.95 
3043.02 
4028.32 
3903.92 
3200.04 
3041.92 
5476.77 
8046.28 
3900.36 
3355.71 
9344.88 
9380.6 
9812.53 
9219.49 
1937.45 
2686.99 
323.07 
9845.3 
9990.68 
3301.92 
5397.98 
3804.02 
4202.15 
5598.31 
773.584 
1632.63 
9623.16 
6428.66 
6429.12 
4269.89 
4087.57 
9723.55 
3771.72 
1300.85 
3372.08 
4550.39 
8378.34 
4689.56 
7420.43 
5141.74 
7239.93 
1562.28 
7285.49 
7289.95 
2131.64 
6430.58 
8781.46 
9917.01 
5144.24 
9292.89 
5667.05 
6026.92 
4524.8 
8362.39 
6688.93 
795.083 
2968.27 
7763.94 
8549.08 
4369.9 
4853.98 
761.148 
2609.56 
8884.81 
7061.92 
9684.77 
1966.02 
2860.34 
3754.22 
7191.37 
5370.11 
5466.02 
7475.74 
4844.68 
4469.65 
1395.63 
6385.32 
8138.43 
2541.06 
7669.33 
8460.78 
399.421 
3068.31 
9095.18 
2668.84 
5243.84 
3217.96 
4262.51 
28.4216 
7682.45 
8899.32 
840.174 
801.948 
8335.45 
3937.53 
8150.65 
7994.06 
6130.24 
903.748 
9299.59 
8269.17 
9899.97 
8766.04 
894.943 
1300.21 
2657.15 
8795.4 
4243.83 
5966.95 
6451.03 
2498.92 
9396.77 
1455.71 
6162.19 
7939.97 
7107.39 
3863.91 
745.4 
7931.93 
1888.94 
7352.2 
8468.29 
6594.15 
7825.67 
5991.85 
4991.02 
4010.04 
6826.07 
5767.74 
8382.62 
6719.08 
7561.34 
3388.24 
6210.08 
2865.77 
5019.31 
9592.6 
2821.45 
143.914 
8767.67 
8277.06 
2559.59 
8997.92 
8011.96 
6977.36 
8472.15 
1449.78 
6483.83 
3731.87 
1490.74 
4880.7 
0.926033 
5563.83 
1307.01 
6967.93 
9998.35 
2239.01 
996.299 
4805.59 
7530.55 
6004.5 
7680.58 
7571.38 
2174.15 
925.893 
1481.88 
5945.91 
2992.47 
4511.15 
8921.03 
5699.72 
5147.22 
9308.25 
3686.71 
2511.05 
3230.88 
1325.14 
1644.26 
5060.36 
9405.19 
2961.01 
5663.74 
416.345 
7509.64 
4521.32 
9830.54 
1878.96 
9711.45 
361.644 
8148.78 
6586.37 
7094.15 
1409.46 
8801.18 
1379.4 
3547.68 
5898.5 
6054.27 
4065.8 
3984.17 
1948.31 
5177.73 
2175.08 
6497.16 
7749.79 
738.901 
8708.45 
2879.03 
7928.55 
5197.69 
7599.25 
644.334 
9325.54 
4409.4 
8850.58 
1668.11 
5969.64 
1794.82 
5612.84 
5064.07 
1898.04 
360.93 
6156.98 
441.242 
5951.32 
3917.82 
6857 
5545.33 
375.38 
9013.37 
7722.35 
9569.86 
595.978 
6600.53 
5145.46 
9750.16 
976.095 
5222.56 
5518.14 
3316.59 
1916.48 
246.96 
663.048 
3846.19 
2962.85 
6615.23 
2114.76 
2769.7 
303.547 
1718.04 
5100.28 
348.318 
4177.97 
9195.69 
2010.45 
9605.15 
3695.22 
5623.02 
6124.95 
2018.11 
8332.09 
7503.93 
8621.69 
4697.31 
7623.98 
6184.94 
294.738 
3655.03 
86.0458 
6172.48 
830.182 
2870.06 
7023.08 
6974.18 
5126.44 
155.13 
7266.95 
5635.16 
85.4538 
6222.81 
6840.12 
1823.95 
5110.37 
9985.26 
2312.87 
2334.54 
6552.4 
6114.42 
5006.84 
31.7015 
2806.31 
5579.44 
3586.26 
4208.63 
4457.08 
122.559 
9848.27 
9797.61 
8470.29 
112.373 
8657.08 
9573.37 
9670.51 
2240.73 
9902.13 
5156.94 
2671.49 
9815.25 
4867.57 
9240.57 
6289.23 
3082.53 
8034.23 
1340.85 
5730.45 
1745.58 
8020.7 
3987.02 
9815.48 
8705.31 
110.366 
4915.02 
6761.22 
5776.77 
167.462 
4528.46 
9848.15 
7806.27 
9995.47 
3894.19 
9717.52 
2277.49 
7695.14 
2208.58 
9563.57 
4979.44 
9411.05 
1546.65 
4565.86 
8417.91 
9761.43 
304.106 
1117.04 
4091.57 
7003.95 
5467.41 
681.791 
8855.68 
7366.54 
9488.3 
9848.65 
6211.4 
5003.05 
6229.97 
7026.69 
7652.1 
8913.3 
5774.16 
6326.25 
5354.49 
2846.65 
3602.77 
1778.64 
3651.36 
8479.53 
5427.06 
2639.67 
4972.6 
4471.04 
4705.53 
5902.77 
7917.95 
6920.98 
953.896 
2122.16 
7143.46 
163.737 
1924.39 
3296.26 
161.394 
2552.2 
4830.07 
8910.97 
6747.03 
7361.14 
8742.72 
8925.8 
5841.35 
5520.92 
27.2568 
8105.1 
2383.79 
4350.92 
5842.95 
2401.75 
6291.3 
7924.98 
5059.4 
3342.89 
4012.27 
4192.84 
8991.09 
3325.28 
8014.44 
8753.34 
7454.59 
9318.86 
2090.52 
5330.09 
2783.48 
1985.37 
8029.86 
7883.73 
1781.61 
3532.26 
6679.99 
611.753 
1736.48 
4994.21 
7707.55 
744.3 
9443.85 
2802.76 
6011.69 
8434.65 
1204.55 
4918.99 
3435.86 
6447.65 
5696.47 
491.847 
6480.13 
1475.21 
3901.26 
8556.08 
2037.01 
6037.37 
98.7534 
9747.99 
4469.13 
2740.61 
1376.17 
9324.72 
533.173 
1036.82 
5875.81 
4699.24 
155.22 
8785.89 
4489.08 
7966.39 
1040.42 
6305.55 
7422.83 
5529.48 
4049.51 
159.311 
7531.78 
6635.59 
4443.91 
8761.22 
9786.91 
8640.44 
9792.96 
258.718 
8272.61 
7766.58 
2864.02 
5526.19 
8645.63 
7057.13 
9227.27 
2727.19 
5910.53 
8216.51 
4832.93 
7057.31 
2227.51 
7738.28 
7210.79 
1744.58 
1153.39 
5061.39 
6781.13 
527.488 
5487.97 
6266.24 
6674.8 
3327.62 
7346.57 
3746.06 
5.76161 
6835.35 
1791.18 
4427.31 
9736.28 
7717.81 
3254.07 
1154.64 
5987.22 
7257.56 
7813.76 
5864.7 
7994.94 
988.834 
9340.67 
8671.94 
9304.13 
4483.21 
9350.06 
6510.16 
6331.13 
7262.53 
1299.13 
4443 
3531.81 
9089.59 
8687.92 
7914.75 
3163.77 
3402.34 
3177.44 
3222.82 
5857.11 
392.487 
6529.52 
1714.7 
8950.54 
1694.93 
6686.26 
5929.72 
759.341 
2249.98 
5389.32 
8232.38 
1612.02 
3264.68 
9522.29 
1101.68 
5913.58 
9510.37 
865.665 
9226.87 
6019.13 
3556.93 
1338.8 
1218.36 
6930.45 
119.315 
5327.27 
5473.31 
2.17322 
6525.35 
1595.75 
9814.47 
1819.68 
3386.31 
3764.23 
5342.09 
4479.04 
9154.18 
4357.64 
8855.56 
5431.79 
2031.69 
6656.95 
3312.29 
9614.29 
7329.51 
7127.12 
5505.45 
48.8096 
343.356 
777.678 
433.147 
9903.43 
7031.33 
5527.84 
6466.57 
3640.29 
2358.45 
8456.65 
903.062 
7763.29 
7623.31 
4986.89 
4712.08 
6003.98 
8890.79 
7481.52 
1836.79 
962.73 
597.542 
2883.75 
7184 
1547.64 
1127.63 
2108.29 
3963.99 
2780.78 
6506.49 
4573.72 
468.557 
5038.01 
3771 
9227.42 
5287.82 
2444.05 
7165.82 
5983.09 
7842.05 
1294.09 
9795.81 
8168.85 
3942.64 
3975.09 
9271.1 
9429.75 
5769.43 
6791.09 
7843.99 
3984.05 
9983.1 
6039.13 
9678.67 
9449.03 
9896.48 
87.214 
5805.32 
9948.63 
6601.05 
3811.52 
227.595 
5193.31 
3927.13 
3352.45 
4634.02 
3949.57 
359.301 
8780.27 
9942.94 
978.233 
1169.85 
1732.86 
4121.96 
7837.42 
3445.12 
2101.77 
4472.93 
6493.9 
2936.87 
55.1057 
6161.82 
1642.09 
8649.27 
8261.14 
4984.24 
135.981 
5431.7 
549.535 
6030.63 
6776.37 
452.304 
1870.09 
636.413 
6196.03 
6648.73 
5190.02 
8637.04 
2809.71 
2830.89 
8814.08 
8261.55 
1902.13 
9017.68 
88.0927 
574.145 
9647.12 
9180.35 
4129.47 
3970.63 
4315.46 
9940.61 
1805.06 
7709.62 
5525.78 
1789.65 
8639.34 
1408.97 
625.125 
6482.88 
7779.69 
3278.68 
4776.69 
1783.03 
7414.5 
5555.89 
7808.48 
7200.54 
9546.85 
3854.22 
7861.12 
1916.02 
2578.14 
730.58 
8859.13 
5458.08 
3982.3 
576.853 
5161.61 
1133.43 
9548.85 
7572.33 
8167.65 
3657.47 
1182 
5836.51 
4152.82 
6366.78 
6476.05 
2903.23 
4524.4 
1628.82 
5522.14 
644.027 
4154.27 
815.888 
2633.94 
8593.44 
17.5232 
4512.46 
882.68 
5202.4 
6797.88 
2029.94 
7159.28 
6073.4 
5598.88 
395.792 
2081.64 
6142.58 
8419.85 
2436.83 
5831.12 
3561.42 
6738.35 
1530.84 
8828.69 
3836.27 
6203.19 
7032.77 
9716.57 
6362.25 
341.439 
8561.68 
6174.3 
1491.47 
7147.29 
4437.79 
6009.52 
2004.78 
4369.82 
3489.45 
7147.78 
2821.64 
3234.31 
9094.08 
4150.64 
9737.18 
2796.96 
8425.86 
3484.96 
1782.9 
5221.55 
8667.65 
7197.21 
3433.58 
8166.92 
1490.21 
5959.66 
4022.36 
3725.22 
9781.14 
1577.02 
4990.63 
7492.32 
3471.48 
5211.47 
9139.26 
3491.43 
540.555 
5102.31 
4462.52 
1611.95 
2122.5 
2897.49 
8060.96 
513.325 
7459.75 
5962.01 
3535.58 
2502.35 
7039.46 
2257.57 
2925.17 
3305.11 
9036.7 
9873.46 
3282.3 
5555.96 
8984.24 
8122.46 
4134.4 
6863.54 
5483.2 
6154.58 
90.8298 
6577 
9558.18 
4371.84 
7499.4 
2498.43 
1085.55 
4901.59 
1090.29 
4432.38 
4939.62 
155.989 
1715.21 
7545.85 
3070.76 
231.358 
8437.1 
2377.83 
4176.36 
2139.07 
1407.68 
8889.73 
9737.65 
678.892 
132.302 
3604.95 
8330.76 
5106.35 
2464.2 
5830.2 
8089.94 
7577.24 
705.712 
901.901 
8250.66 
8925.29 
7353.65 
2789.67 
6055.34 
2037.03 
6314.82 
3113.34 
5956.66 
3616.31 
9339.17 
3479.33 
7056.36 
6287.39 
2094.41 
738.969 
9847.89 
3465.61 
6507.41 
70.3981 
3181.35 
8912.27 
8551.22 
323.533 
7614.3 
3606.83 
37.105 
3624.43 
5857.58 
8417.65 
5377.49 
9412.08 
8795.81 
1220.17 
7435.92 
5479.18 
8640.02 
2784.52 
9484.81 
1262.64 
1159.94 
5130.59 
9764.42 
662.253 
491.824 
6088.81 
4585.81 
3635.15 
6049.48 
3675.14 
8078.05 
7867.94 
6512.15 
9648.84 
8095.81 
6272.3 
8506.11 
2265.87 
2431.3 
2794.06 
9689.57 
2686.02 
3876.58 
3706.54 
5854.51 
6741.7 
7669.93 
8590.69 
3704.75 
5704.99 
3720.43 
9287.24 
687.48 
4476.07 
9231.5 
3745.39 
8738.45 
7143.28 
7033.03 
4178.38 
6055.27 
935.622 
5001.89 
6776.35 
123.596 
7282.99 
5212.88 
2890.49 
424.758 
8904.19 
2763.16 
491.604 
2381.85 
1712.45 
1174.3 
6414.5 
8473.14 
8059.45 
5185.47 
2239 
906.218 
805.647 
513.295 
6941.48 
5529.68 
7351.14 
690.617 
7193 
2780.25 
7630.68 
8883.56 
6028.71 
4509.89 
7774.73 
9803.8 
2459.02 
8757.3 
3904.93 
116.735 
1970.99 
6380.69 
306.437 
284.027 
3636.95 
6282.83 
5466.11 
8993.75 
7914.06 
1677.94 
1175.22 
1918.69 
7462.21 
7314.83 
269.816 
4791.66 
3433.52 
7131.26 
5094.71 
6707.37 
850.398 
2636.69 
4912.01 
6162.96 
822.645 
6198.94 
5560.56 
6381.55 
4770.74 
1847.18 
5613.17 
524.141 
9235.94 
8413.96 
3421.52 
5504.42 
2827.67 
4594.33 
6826.72 
6682.86 
8874.23 
9237.73 
8554.33 
2543.57 
9828.89 
4110.22 
485.341 
7117.96 
1615.7 
5151.31 
8005.14 
2406.67 
8899.26 
9801.85 
9683.59 
2177.36 
4824.53 
5921.26 
8678.81 
4721 
5921.76 
7045.43 
2562.66 
679.348 
7795.96 
6722.47 
4618.31 
9902.03 
3470.75 
2855.04 
4648.58 
8696.65 
4539.27 
1532.54 
7319.96 
6630.98 
6930.22 
6146.02 
6222.99 
9763.34 
2503.2 
1254.26 
396.038 
6203.71 
5780.22 
8187 
8874.81 
9007.39 
7175.26 
4667.27 
2788.57 
7452.68 
7237.63 
2912.38 
8441.77 
854.712 
5147.14 
8050 
6356.51 
3843.4 
6049.17 
8336.38 
9575.87 
1697.41 
8324.66 
2477.84 
5086.86 
4787.35 
939.503 
222.626 
1672.33 
6851.9 
9811.37 
9675.17 
511.385 
4852.2 
867.626 
2189.35 
6352.21 
1604.53 
7272.43 
7647.51 
1714.69 
8870.32 
3432.6 
1731.7 
4765.87 
9895.16 
7918.32 
3182 
9869.03 
8823.86 
2662.5 
8625.99 
7083.86 
8518.78 
5146.24 
2883.91 
9799.89 
6737.95 
4650.52 
1328.38 
6085.42 
7699.21 
699.013 
8316.68 
8499.24 
6791.55 
5505.38 
8955.62 
7145.11 
7826.27 
6182.72 
2975.71 
2812.18 
4335.85 
2642.92 
9518.32 
4454.74 
886.465 
8824.21 
8523.75 
8590.91 
7465.71 
6189.08 
9858.01 
3608.14 
1983.42 
5313.06 
6521.82 
2185.08 
4626.28 
3814.42 
8956.37 
9715.98 
6452.35 
4563.34 
5990.61 
4204.26 
960.115 
6646.37 
5603.85 
3927.73 
3309.78 
7531.12 
5488.89 
1749.15 
7881.08 
7336.52 
4902.55 
7171.83 
6964.07 
5199.61 
9860.56 
6506.97 
2692.32 
9877.71 
4662.93 
9898.85 
9993.48 
410.169 
3706.23 
691.219 
7316.72 
2170.72 
3339.15 
1175.21 
1760.99 
6975.78 
1867.58 
8469.66 
9531.83 
1405.91 
9182.24 
5970.66 
8884.8 
6788.54 
5069.83 
8672.11 
2211.23 
4194.62 
8946.99 
2101.67 
2721.46 
9652.29 
6021.82 
8742.08 
8181.76 
765.784 
534.606 
5126.15 
5241.58 
5212.8 
1501.78 
359.63 
4295.82 
9883.76 
6273 
263.826 
4115.75 
3418.94 
2060.25 
6565.68 
9450.82 
9944.41 
5747.99 
6430.93 
4573.12 
510.989 
8194.77 
9563.52 
4078.07 
203.991 
8481.69 
1830.17 
9615.17 
2231.94 
2175.66 
6267.6 
9524.51 
8423.13 
7533.14 
9498.22 
6576.77 
5696.57 
2311.79 
4277.38 
9936.84 
8402.94 
8249.47 
8806.2 
5792.43 
3300.01 
3334.2 
7955.16 
2313.71 
6459.33 
2006.3 
9931.75 
3005.44 
2358.77 
3777.02 
291.442 
8261.32 
7982.99 
154.886 
3166.95 
6934.08 
1125.32 
3178.2 
6067.45 
5675.01 
9847.27 
3126.04 
9304.74 
4767.14 
1319.06 
9459.58 
7190.98 
8740.16 
5859.55 
1539.15 
8558.42 
1359.82 
4500.12 
3479.59 
1470.83 
176.788 
1276.39 
2345.88 
7208.15 
7394.66 
2023.19 
3713.95 
319.06 
2440.23 
2898.03 
7128.2 
3617.78 
4005.78 
5072.35 
1018.48 
7667.67 
579.578 
975.295 
1776.15 
1759.71 
5368.58 
9711.32 
8184.03 
9074.61 
6961.52 
2281.45 
4253.32 
5597.17 
1685.38 
6228.86 
8466.54 
7102.9 
8447.76 
1572.81 
4150.4 
5833.7 
7009.74 
2715.37 
7145.17 
8795.57 
7137.78 
4694.87 
6631.02 
7558.2 
738.144 
5994.04 
1849.93 
1746.33 
539.374 
5256.04 
8308.59 
2523.83 
7944.97 
1081.51 
6977.08 
3834.64 
8733.42 
2550.16 
596.196 
264.212 
614.846 
3713.59 
4275.85 
4221.73 
4692.44 
5842.33 
2067.74 
2480.46 
9101.5 
8838.71 
2154.94 
8113.05 
6011.14 
9230.29 
3558.05 
167.714 
8775.21 
4882.75 
4366.2 
2730.06 
4052.56 
1351.2 
9627.14 
3267.81 
2024.31 
2622.77 
876.725 
5122.86 
9962.76 
4084.47 
7770.31 
5680.33 
9382.89 
8306.84 
3091.98 
6938.88 
1706.87 
7290.97 
9361.62 
817.312 
6566.43 
1941.94 
8200.42 
4510.37 
5800.98 
7067.05 
5941.14 
2813.59 
8017.58 
1520.68 
8106.7 
9302.43 
5942.48 
5236.53 
357.503 
8549.04 
3667.17 
4075.98 
4959.27 
414.215 
1714.57 
6716.58 
5548.68 
6703.09 
8836.06 
7679.09 
2539.83 
6974.06 
3087.6 
3245.94 
4524.47 
2689.29 
8892.44 
5165.18 
1247.15 
776.558 
1603.69 
3138.94 
6186.66 
9175.45 
1770.08 
9733.9 
7716.3 
7834.34 
1680.26 
124.946 
9975.08 
1137.33 
5185.87 
8963.26 
5543.03 
1786.37 
3533.64 
9896.52 
883.391 
7144.5 
7678.06 
5078.97 
2222.58 
4945.62 
1042.12 
4834.78 
8175.82 
942.323 
7615.91 
586.832 
2884.93 
6963.74 
9630.37 
7570.52 
7759.7 
7258.45 
2711.57 
3305.94 
2949.95 
9860.96 
3087.78 
6241.48 
612.877 
626.36 
7230.43 
1825.3 
7875.71 
7103.41 
7074.07 
3838.28 
9892.58 
4595.61 
8386.49 
1720.13 
191.603 
275.149 
4429.26 
2551.7 
6455.85 
3477.66 
9052.28 
1719.99 
7798.69 
2596.42 
8102 
273.866 
2873.01 
6706.44 
5160.88 
8832.8 
2922.61 
243.49 
2341.81 
8718.11 
5218.44 
6283.65 
9265.96 
2998.69 
8998.42 
6523.06 
3006.59 
1703.99 
8881.75 
5526.84 
9657.41 
2040.43 
3471.65 
8049.31 
4741.24 
5981.26 
7078.39 
6502.59 
9063.48 
9989.79 
8468.84 
5774.24 
7705.03 
8366.62 
7836.26 
3996.51 
9382.86 
7691.22 
6329.57 
1024.23 
4287.49 
9820.08 
6032.03 
287.801 
7067.8 
8486.66 
5257.23 
8236.96 
8509.15 
3332.93 
6498.93 
7521.38 
1800.38 
8910.13 
2567.37 
9827.34 
8132.08 
5789.78 
8815.95 
9646.31 
5532.49 
4588.37 
6741.62 
6455.91 
4448.99 
4207.17 
9896.52 
866.564 
4338.26 
3126.61 
8981.18 
6773.02 
4183.37 
9896.19 
5275.64 
7688.54 
1352.6 
3086.44 
3841.63 
6309.43 
2633.71 
4687.85 
8715.11 
4788.52 
707.346 
8367.92 
9595.13 
5355.11 
3299.62 
6787.99 
5803.02 
1354.06 
7729.49 
9505.91 
5899.53 
3477.1 
9543.64 
9884.28 
5112.49 
5618.64 
2546.9 
5810.44 
6016.54 
18.6823 
3992.6 
3698.88 
7073.56 
5322.25 
994.546 
5332.42 
2004.94 
7033.76 
6321.78 
87.3537 
8153.54 
6546.58 
8421.92 
7197.1 
1709.51 
1707.57 
9193.78 
9922.1 
727.626 
9206.06 
6322.63 
4468.54 
2785.39 
3994.28 
1798.83 
2978.86 
5783.16 
7601.21 
3476.97 
7446.72 
6964.7 
5778.51 
9488.8 
8220.98 
75.6442 
1352.52 
1795.09 
106.588 
1431.27 
5361.94 
8093.68 
449.362 
2426.85 
8029.06 
4460.95 
5267.3 
7512.32 
9598.23 
7505.88 
1404.78 
184.28 
7197.59 
9857.54 
5698.81 
9894.72 
574.445 
4698.5 
7614.95 
4472.57 
525.274 
8273.5 
2768.24 
5811.71 
7363.82 
3805 
625.477 
2385.22 
8318 
588.467 
360.179 
3522.8 
7674.46 
4723.65 
423.358 
5377.97 
7541.25 
5780.98 
912.283 
2741.45 
5481.01 
9357.27 
7556.94 
9477.58 
9646.42 
7324.03 
4903.45 
2355.93 
6057.61 
197.308 
6154.51 
8879.62 
9788.9 
2078.52 
3677.42 
6441.74 
6374.75 
460.748 
3798.01 
3178.52 
1359.8 
4158.11 
5278.25 
1518.25 
7166.02 
9348.12 
3829.44 
1358.42 
1006.53 
6770.25 
7634.4 
1278.27 
3944.77 
9712.4 
6326.97 
7344.33 
6107.33 
5844.27 
4607.75 
2403.73 
9573.8 
6838.21 
9808.62 
3480.41 
5293.76 
2218.21 
1396.45 
208.883 
702.868 
3109.55 
2224.35 
4576.88 
3631.05 
7033.04 
4267.29 
324.544 
4612.08 
5267.39 
9012.17 
7499.95 
1709.83 
7116.06 
9697.66 
8536.06 
5487.79 
3333.15 
257.935 
5121.02 
9036.63 
8568.49 
671.501 
5924.54 
3661.24 
4513.29 
4879.67 
2644.23 
1580.31 
271.875 
9397.36 
1440.59 
2072.3 
9210.03 
2945.7 
8305.4 
8875.32 
7453.29 
7494.72 
3706.77 
9664.93 
8544.61 
9233.15 
1580.42 
2089.63 
364.035 
8332.73 
8151.94 
9728.59 
8406.31 
4887.96 
1994.46 
836.513 
9266.73 
5899.29 
9311.51 
8555.9 
8951.54 
8579.77 
256.531 
1519.98 
6313.46 
270.989 
4506.68 
3698.74 
4718.14 
7709.53 
4016.78 
9988.72 
377.169 
9077.04 
7774.08 
8962.17 
7107.24 
1372.62 
9636.68 
3645.77 
4378.94 
6885.19 
9380.1 
1351.91 
1608.99 
2359.94 
3548.38 
7628.74 
6206.51 
2878.76 
3388.4 
8811.41 
3395.79 
3116.3 
5723.45 
3995.82 
7798.27 
5457.21 
9331.65 
7098.96 
2222.67 
6432.47 
591.107 
4733.89 
2527.88 
6062.09 
5482.13 
8123.02 
3603.84 
9694.92 
2586.74 
5295.2 
6482.06 
4054.9 
721.125 
9947.37 
5392.68 
4820.94 
5589.19 
7546.81 
9301.16 
4611.79 
310.324 
5607.91 
2200.98 
1889.27 
3003.23 
5328.22 
1417.04 
6153.42 
575.622 
4471.5 
2575.18 
1094.89 
1737.57 
3388.14 
4394.13 
2152.79 
1916.4 
9002.49 
4839.36 
5043.91 
3005.37 
1296.81 
5414.54 
2205.27 
4024.92 
6796.55 
9582.89 
9682.98 
1780.65 
7396.01 
4699.15 
8670.56 
6067.48 
6159.46 
2036.36 
5095.48 
9747.91 
3059.14 
4892.69 
1521.33 
8916.95 
7187.68 
3349.81 
317.75 
431.851 
8114.74 
4513.76 
2754.8 
9912.79 
4323.66 
7794.12 
5774.66 
4742.65 
9776.48 
3254.08 
1368.14 
4338.08 
170.75 
9789.36 
9754.94 
1201.54 
4365.96 
8770.15 
9877.89 
7726.33 
6419.89 
9028.69 
5244.81 
9458.3 
5695.93 
1520.4 
3398.2 
3538.33 
8668.54 
2144.16 
6932.13 
8323.36 
685.16 
5485.02 
6655.59 
474.159 
9194.71 
5438.82 
177.154 
7429.95 
5247.19 
9448.78 
5647.38 
5591.28 
2563.79 
9619 
6612.51 
6490.08 
8764.56 
5961.23 
322.478 
9885.39 
3686.11 
2412.84 
2653.59 
8890.02 
4552.04 
6149.27 
746.251 
2233.6 
96.8555 
7849.82 
1959.87 
9460.78 
7273.99 
3912.18 
2008.68 
9883.18 
6583.33 
5959.08 
4278.45 
7863.6 
3598.95 
7576.27 
4452.38 
1115.75 
2453.85 
1850.32 
8321.03 
1489.06 
6619.06 
6524.92 
4296.96 
8988.63 
1852.26 
859.783 
366.288 
6194.51 
1140.4 
6707.88 
9322.52 
3607.74 
5229.34 
9517.27 
6684.82 
1707.73 
1828.06 
4226.21 
9923.02 
6253.97 
447.072 
3941.07 
7532.76 
3069.33 
6176.07 
1260.71 
8747.42 
7957.88 
8102.82 
4073.4 
1616.44 
7566.59 
1659.98 
9353.48 
3949.53 
9781.25 
3399.23 
933.842 
5079.49 
981.699 
9407.35 
9406.61 
6889.43 
612.583 
5684.48 
9009.48 
2400.66 
7836.41 
6559.02 
7485.45 
7985.81 
7555.76 
9673.11 
5904.28 
3168.32 
9917.62 
5517 
4215.79 
4736.87 
2565.77 
2910.58 
8109.58 
7741.47 
936.232 
5252.71 
2340.5 
6862.5 
8052.78 
3085.1 
1253.56 
8522.18 
2333.05 
1609.6 
2552.85 
5732.9 
2888.26 
2965.33 
8273.42 
1453.49 
8778.68 
3225.75 
5169.34 
1057.26 
9431.5 
5292.92 
8104.68 
5356.96 
4463.21 
3160.47 
7967.31 
6554.86 
7609.12 
6521.18 
1445.5 
4527.25 
9523.14 
5485.84 
529.784 
4088.09 
8529.63 
7460.18 
3297.28 
7327.52 
3590.58 
6875.61 
8350.83 
2422.55 
5871.66 
4992.59 
429.833 
4199.02 
2878.09 
1978.96 
393.101 
6844.99 
3780.98 
6989.4 
914.81 
5215.86 
2895.67 
7445.3 
3101.4 
5224.06 
856.946 
2690.24 
4819.72 
5087.08 
8526.24 
487.032 
5553.2 
2599.85 
5744.22 
3183.45 
4299.67 
4552.57 
5124.16 
1704.8 
2636.83 
7135.64 
8679.32 
3406.79 
7874.42 
5388.06 
7065.57 
1087.1 
890.54 
7307.99 
5469.74 
9846.19 
4993.59 
7295.66 
8132.47 
2347.42 
3013.26 
3789.72 
3891.53 
4928.93 
454.255 
4669.39 
8406.61 
9872.66 
9727.1 
3422.27 
8122.25 
680.467 
6606.87 
1742.41 
4678.36 
9253.62 
5508.88 
7828.15 
7794.99 
409.581 
3829.59 
3948.72 
6068.27 
9463.74 
7068.56 
1250.84 
2866.67 
69.0297 
182.31 
4075.77 
1415.1 
3526.85 
5844.41 
7004.34 
1905.22 
1035.56 
4681.61 
3792.06 
3162.45 
1296.14 
4171.81 
5541.85 
1867.48 
6709.04 
8791.01 
432.632 
1248.57 
4652.93 
1826.24 
3631.68 
7663.13 
4152.66 
3697.36 
1567.27 
1039.93 
8137.41 
5379.48 
2922.87 
4666.33 
6976.64 
6397.79 
7580.99 
3704.85 
7481.34 
8852.21 
9027.22 
507.923 
6655.94 
6398.02 
1461.93 
663.238 
7048.51 
4279.62 
7644.91 
7989.24 
5140.23 
1833.82 
963.657 
6176.48 
8058.69 
2470.21 
6740.74 
1607.41 
5695.82 
9565.69 
520.233 
3553.06 
6211.59 
8198.95 
9685.75 
8460.01 
7433.48 
4414.69 
7757.9 
6995.29 
9761.62 
3533.97 
5446.83 
4851.99 
7326.9 
3178.61 
2948.4 
3698.34 
8046.55 
8322.02 
8259.87 
3683.76 
2945.64 
7318.65 
4590.99 
734.271 
886.084 
2413.48 
3290.72 
7159.4 
7969.65 
5889.57 
6009.31 
8422.1 
316.537 
41.1065 
876.894 
7963.37 
287.587 
3480.11 
249.195 
8221.48 
8429.98 
2679.85 
252.322 
776.411 
9146.52 
5534.98 
6339.7 
1380.03 
4168.22 
5307.76 
7588.59 
1467.83 
9780.68 
3943.34 
5662.83 
5173.16 
5305.81 
4703.44 
728.096 
7113.67 
9473.02 
2973.98 
3705.68 
1355.61 
3781.51 
5918.2 
7115.79 
5103.74 
8485.17 
275.771 
4878.71 
6544.92 
457.832 
4787.8 
8556.99 
7267.2 
9888.48 
5611.8 
7491.21 
4840.81 
9506.79 
669.772 
6852.39 
8131.89 
2759.25 
4753.62 
4153.45 
7028.41 
6458.7 
1365.49 
9839.62 
4453.33 
7052.9 
8113.36 
1192.12 
5930.67 
6725.29 
1968.55 
5358.7 
3674.51 
7431.69 
4383.98 
1480.26 
8701.38 
4167.41 
1711.95 
2773.79 
9014.22 
1944.51 
1353.85 
4143.52 
206.765 
5096.96 
4573.15 
923.126 
4974.7 
9739.79 
6594.02 
5726.71 
8872.45 
9199.66 
8631.16 
3980.67 
3103.56 
1487 
1990.66 
7058.26 
8100.48 
4787.92 
588.946 
8423.14 
7698.28 
4945.55 
9849.06 
3214.36 
3700.5 
4316.21 
2578.24 
2448.47 
1403.63 
826.304 
7686.26 
2985.46 
6703.01 
7426.69 
354.206 
3133.41 
3258.31 
2363.48 
3075.67 
2729.98 
2731.08 
1195.67 
5668.48 
193.031 
4276.28 
1364.16 
7393.28 
8815.42 
764.633 
1189 
3444.53 
2225.91 
884.203 
805.979 
6094.9 
7061.23 
8133.36 
7452.23 
9628.99 
4505.51 
4059.64 
369.459 
9494.28 
308.236 
521.517 
5142.96 
7669.34 
8596.81 
6526.18 
5488.81 
434.472 
2163.43 
754.498 
853.39 
2931.29 
6199.96 
2644.98 
4165.42 
8296.72 
2979.66 
9198.73 
3100.75 
4340.01 
2570.35 
9924.71 
4667.76 
1017.68 
4175.4 
6009.71 
5180.1 
1881.22 
7680.77 
679.309 
7145.2 
9355.39 
6035.77 
3143.56 
3874.96 
6398.7 
2888.74 
1095.44 
1043.13 
1818.24 
9122.22 
7159.65 
2161.69 
1475.03 
888.034 
5192.27 
6431.91 
1150.08 
9384.68 
8271.66 
1821.45 
3035.97 
5466.96 
3212.85 
8398.32 
539.413 
5907.9 
4090.97 
6891.11 
8914.46 
5264.72 
4087.71 
2180.72 
1375.69 
1147.81 
1167.5 
2152.25 
2804.48 
4817.27 
3786.94 
7041.32 
3421.54 
5874.53 
3249.67 
7170.01 
6391.46 
1245.52 
3454.15 
3977.63 
2066.79 
6470.6 
1455.94 
9923.47 
3685.58 
3469.18 
6530.81 
3352.03 
7527.28 
1061.04 
2946.48 
1527.97 
653.007 
5089.09 
2306.1 
8626.7 
9020.64 
9953.26 
4383.65 
6065.12 
6390.39 
3288.93 
7099.17 
5794.55 
8963.6 
1304.1 
8067.6 
2167.36 
6845.13 
6174.52 
5191.15 
7690.5 
4185.7 
9099.88 
1733.25 
756.377 
2420.42 
76.7429 
9818.6 
1260.08 
8196.15 
2658.04 
3675.59 
5725.04 
809.982 
3360.36 
7519.74 
4308.14 
6914.08 
4859.73 
