7403.42 
9363.51 
2528.82 
1899.45 
4034.84 
3496.96 
3424.3 
2148.88 
6206.6 
4310.13 
334.472 
1468.79 
5918.42 
916.354 
1169.04 
7985.68 
5366.33 
1976.87 
5315.39 
5793.91 
8282.96 
1684.62 
3484.4 
2332.33 
9396.24 
2572.94 
3403.4 
1011.39 
8380.66 
3704.79 
6448.1 
3233.42 
4012.59 
9517.51 
725.258 
9406.24 
631.698 
6943.32 
6337.01 
6123.5 
7700.64 
4639.8 
1095.24 
7623.79 
2958.6 
5156.95 
2917.01 
6155.66 
8206.53 
7095.21 
9197.47 
1832.2 
3823.84 
7327.02 
5258.71 
3061.73 
8480.88 
8078.61 
7198.38 
3232.42 
7201.86 
1610.09 
717.396 
7268.87 
7916.43 
1369.45 
6383.17 
1866.26 
6192.76 
1687.03 
3972.87 
2033.24 
2633.76 
5646.42 
9463.4 
1328.39 
6175.5 
1699.16 
7716.27 
7379.7 
650.146 
7011.78 
6988.91 
2688.51 
5846.74 
6141.51 
291.632 
1458.16 
7223.32 
2260.84 
7986.34 
6367.55 
9384.15 
9492.59 
1938.35 
7877.9 
3854.48 
2219.63 
5310.24 
9182.07 
2989.05 
6933.65 
3828.95 
3129.07 
337.677 
5330.02 
1607.18 
1855.81 
549.936 
2768.9 
6865.83 
3966.55 
5874.17 
7244.81 
3486.68 
651.951 
7345.3 
2463.58 
5352.33 
6614.55 
727.94 
4495.59 
7452.13 
7881.6 
6063.55 
59.3535 
7554.5 
8553.18 
3290.7 
6870.06 
5017.62 
1160.81 
9713.93 
2017.34 
5395.42 
801.645 
3248.31 
4375.24 
4691.22 
5408.31 
7425.92 
7432.64 
299.054 
6203.2 
7236.17 
8383.68 
4544.57 
658.367 
5182.18 
6923.55 
4181.05 
841.278 
9351.38 
8677.89 
9223.78 
4001.33 
278.793 
5676.94 
2289.53 
142.338 
2266.57 
4226.5 
4709.94 
26.7083 
8886.34 
2707.76 
9285.85 
7266.05 
545.135 
2076.14 
3601.09 
3520.75 
3313.49 
9903.21 
3260.74 
3252.27 
934.443 
5179.73 
5758.81 
8299.86 
5747.86 
4320 
6200.91 
8643.49 
1081.19 
1584.25 
6406.34 
1330.11 
5090.26 
2003.58 
4247.28 
4051.6 
5191.78 
8294.44 
4734.86 
8750.93 
6796.99 
7086.35 
221.981 
827.252 
3623.49 
9960.35 
3600.86 
9622.83 
918.11 
672.491 
2562.54 
8529.68 
8311.69 
4608.63 
7186.57 
4724.93 
1951.04 
1110.3 
876.799 
6352.86 
2441.54 
5016.91 
9225.05 
5379.37 
1008.62 
1838.73 
3470.88 
5162.02 
8042.39 
8477.47 
838.658 
5331.11 
9919.32 
3972.5 
5882.81 
2347.57 
5647.92 
4670.72 
867.193 
4909.34 
1217.06 
5089.87 
5506.21 
2890.94 
8069.16 
8438.76 
261.618 
7007.96 
2780.99 
97.6976 
2003.18 
7526.7 
1237.54 
9345.56 
839.661 
2180.42 
6308.03 
9114.6 
9165.32 
1605.32 
690.579 
6554.53 
1927.49 
5348.5 
2205.8 
2877.48 
1819.47 
9874.93 
8020.2 
5458.23 
6510.85 
7805.45 
6129.1 
1818.05 
5987.92 
8906.25 
7342.25 
1270.2 
8264.8 
6417.33 
6004.01 
9408.27 
4760.07 
2460.7 
6909.45 
7167.28 
465.15 
7774.03 
8082.72 
6205.99 
4002.57 
1121.35 
6591.3 
9935.17 
481.665 
5351.87 
8814.79 
168.277 
8231.49 
6730.65 
2052.8 
1338.45 
5394.83 
977.673 
1755.12 
8350.61 
8699.63 
4661.22 
1096.87 
5148.58 
2151.85 
6182.74 
3325.47 
1235.93 
2337.7 
9717.31 
8886.16 
9740.78 
3310.36 
7288.41 
6280.12 
16.4321 
6173.55 
8906.75 
5699.33 
8635.76 
1183.89 
7614.7 
187.792 
6217.02 
9471.71 
994.015 
6404.57 
1588.49 
7818.51 
5770.29 
1188.95 
2651.33 
871.083 
284.799 
6615.11 
135.393 
5547.7 
161.511 
4513.18 
2938.26 
3380.5 
6124.09 
7520.15 
1156.45 
6424.83 
2184.81 
28.3619 
6679.26 
8385.63 
7349.97 
1028.04 
8230.96 
7749.03 
7971.74 
1114.65 
3916.94 
1968.35 
2003.3 
9478.6 
6761.9 
7312.92 
8182.56 
4329.43 
4729.1 
2041.89 
8025.71 
8128.94 
3098.83 
1972.65 
4370.69 
8105.82 
4490.17 
6209.26 
9047.69 
4531.32 
7947.84 
9321.53 
6964.88 
8807.48 
7243.56 
2592.78 
6849.7 
2928.74 
3379.38 
7313.96 
5653.99 
6656.92 
2938.27 
3423.39 
6951.17 
8237.32 
4559.17 
5989.3 
2081.15 
7832.86 
6857.91 
929.938 
9467.04 
2619.42 
4632.68 
1439.13 
7426.91 
4084.41 
6674 
9866.97 
4189.36 
596.362 
3057.37 
5136.06 
1697.03 
1921.43 
3521.09 
9036.45 
5595.41 
2096.54 
6574.74 
1649.13 
6895.14 
6663.97 
1335.42 
4451.67 
9153.23 
8260.05 
6671.4 
6180.88 
2094.35 
9692.35 
9299.48 
6365.87 
1225.27 
3107.74 
1769.36 
7635.75 
3972.63 
8015.18 
1133.33 
7874.01 
8485.67 
8628.7 
2529.24 
8993.19 
8570.63 
6604.95 
9317.37 
7045.2 
8623.49 
5079.82 
6525.19 
8938.07 
2212.37 
3364.37 
4974.51 
6665.75 
1181.6 
9068.26 
273.629 
8884.15 
5841.96 
5796.31 
8620.07 
7444.71 
3314.99 
5112.26 
1737.86 
8219.28 
1355.37 
9762.13 
2056.34 
890.472 
6155.48 
5215.05 
9406.45 
4175.16 
1992.28 
4202.69 
4557.23 
3395.05 
601.001 
1015.67 
412.995 
1199.3 
6712.52 
7317.61 
7112.28 
6076.63 
9963.97 
4487.35 
8891.74 
3418.98 
2757.81 
528.741 
6553.19 
9430.67 
1291.86 
2263.2 
7659.77 
7723.2 
3883.43 
8741.34 
5618.24 
5785.23 
2422.99 
3242.38 
4650.71 
4410.17 
1720.26 
2406.94 
3361.46 
6071.76 
8058.04 
1550.07 
2064.94 
5501.35 
1166.74 
9439.33 
6767.55 
2200.05 
6272.14 
5923.88 
2688.05 
8011.29 
5769.53 
8467.26 
9292.08 
1975.91 
9081.86 
8798.37 
4167.61 
4994.49 
2352.89 
4998.45 
8982.84 
4588.56 
5.45366 
1659.7 
4536.51 
5071.69 
9817.54 
3416.04 
3354.56 
79.4884 
5961.31 
1751.42 
6054.75 
2105.83 
2753.93 
5295.8 
6458.26 
3958.07 
3269.27 
6684.03 
8462.54 
9906.16 
2891.03 
9612.76 
1636.72 
8299.31 
6573.48 
463.225 
5418.02 
612.841 
14.8074 
8867.66 
8825.43 
8954.4 
6671.48 
7603.25 
7771.96 
3403.6 
4374.46 
1483.6 
4867.79 
2996.29 
8643 
2964.54 
5059.54 
5682.74 
9864.79 
7516.01 
1621.04 
4746.25 
242.38 
3682.25 
7638.99 
8565.31 
7225.62 
946.195 
2696.24 
5694.89 
4053.75 
1308.76 
6248.41 
7063.62 
8206.72 
388.859 
5560.23 
775.995 
2145.36 
7091.21 
2042.68 
1318.02 
1908.32 
3178.04 
3356.71 
6246.71 
8387.88 
5066.34 
44.39 
6063.36 
6945.79 
7876.25 
6087.85 
8508.72 
6080 
6484.52 
5401.14 
6963.62 
7528.2 
6520.63 
2170.16 
3833.01 
1431.6 
868.493 
6766.04 
6798.01 
4073.17 
7729.63 
1954.86 
5388.82 
9938.46 
5756.42 
8080.54 
9631.48 
6349.5 
6105.46 
4448.79 
770.611 
1653.75 
4569.59 
1065.33 
5032.67 
4002.47 
9482.04 
4686.19 
844.388 
1625.03 
1926.32 
5623.62 
6202.96 
3227.9 
1305.48 
1278.81 
2993.3 
8441.54 
6976.28 
280.852 
276.533 
7697.13 
5711.23 
8634.79 
4906.37 
1376.78 
9570.53 
1913.14 
4188.32 
3109.51 
1600.43 
8384.41 
6774.76 
3444.52 
2063.12 
4898.21 
4215.28 
6172.16 
5502.69 
3782.29 
8924.21 
9242.88 
5140.27 
2447.4 
3526.25 
5633.74 
6229.04 
1421.62 
3140.95 
9905.32 
8689.62 
6403.91 
443.275 
115.931 
8455.16 
5882.08 
139.219 
9852.2 
5928.63 
2526.41 
1295.7 
6782.3 
193.041 
4434.37 
8427.48 
620.786 
3548.08 
2662.83 
4164.56 
3745.78 
5293.19 
2671.6 
1602.48 
2836.87 
9271.95 
3633.36 
5808.86 
9554.02 
4449.41 
1277.2 
5872.82 
4490.42 
521.434 
3738.2 
7951.75 
4997.53 
3414 
9097.37 
9450.12 
8125.26 
1326.47 
3941.51 
4903.4 
1412.07 
2600.36 
4195.45 
2948.6 
7150.79 
3311.03 
8497.8 
2592.57 
3295.2 
2411.5 
110.203 
2183.54 
8757.78 
1963.27 
6684.92 
3434.93 
902.527 
8764.77 
9420.64 
2655.59 
2549.9 
6217.42 
6187.12 
6993.13 
3551.28 
6334.19 
8746.58 
3700.11 
7821.89 
2521.64 
1152.11 
3524.16 
572.699 
5353.45 
5362.93 
4760.95 
7269.13 
2189.15 
3109.51 
1552.76 
7319.28 
5138.35 
265.218 
7510.65 
1436.77 
7713.56 
1886.03 
8587.58 
1502.55 
3396.56 
5997.18 
4561.31 
1903.25 
7944.89 
9759.56 
8929.29 
4539.66 
8139.63 
2836.09 
6200.03 
3958.09 
3575.52 
3757.68 
5298.8 
6885.83 
73.0342 
7485.72 
2492.55 
2275.69 
7441.84 
4996.24 
1854.31 
5375.48 
5688.8 
1674.35 
779.206 
6122.97 
8746.88 
8833.27 
826.378 
8940.36 
600.637 
4899.83 
1523.83 
976.329 
9153.43 
1687.61 
3645.71 
3531.74 
7919.62 
5103.97 
2475.13 
9555.54 
28.0222 
968.675 
523.137 
2370.58 
2372.78 
9288.51 
1989.14 
1397.08 
685.34 
8501.45 
3949.89 
5877.44 
2128.55 
4587.46 
1426.75 
9365.94 
3286.36 
3869.52 
4983.34 
4961.98 
6021.91 
282.703 
1395.35 
1673.46 
5813.08 
356.837 
7357.41 
5945.5 
6021.29 
9857.12 
8592.39 
2267.71 
3385.84 
5792.21 
9635.71 
7341.79 
3543.3 
2321.94 
4838.78 
5315.26 
3642.44 
8545 
5781.55 
563.136 
4618.76 
7515.92 
7.94269 
3492.74 
2429.42 
1303.56 
8983.69 
8887.42 
859.769 
139.401 
2914.03 
6142.11 
440.555 
4400.31 
5980.92 
1405.92 
9229.12 
3882.01 
4960.68 
4102.83 
6345.58 
237.64 
4008.48 
594.272 
7932.46 
912.114 
9898.91 
956.358 
3504.24 
5829.02 
8416.95 
3669.94 
719.417 
1238.29 
1901.33 
5597.8 
2242.76 
4128.18 
2265.91 
3198.36 
4812.67 
6567.2 
4985.45 
393.52 
3896.39 
6697.34 
2272.6 
5510.67 
7841.42 
743.363 
3703.61 
6634 
7699.8 
462.331 
392.014 
8582.63 
8244.62 
7306.38 
8350.97 
4833.39 
4771.92 
1656.04 
3016.47 
7818.83 
1065.84 
3602.54 
7880.48 
7309.85 
6580.65 
969.354 
1934.06 
5781.07 
2488.59 
5767.36 
1948.95 
6080.34 
2206.23 
47.2959 
4902.57 
7466.65 
1992.55 
8852.1 
7211.03 
5848.81 
884.872 
2048.4 
7496.82 
8994.46 
9874.87 
6933.43 
120.971 
3155.81 
9648.13 
6070.51 
7145.44 
3372.51 
1751.67 
243.34 
9814.67 
5166.32 
259.901 
8156.05 
8725 
1077.43 
8291.85 
1105.98 
8197.14 
9367.89 
6060.93 
5980.3 
947.147 
8705.94 
709.696 
7856.88 
605.119 
236.935 
2164.76 
3144.1 
2842.33 
1080.97 
7910.86 
7830.1 
416.08 
3064.34 
2373.03 
3563.59 
3190.53 
3248.27 
3733.4 
7277.22 
8215.83 
3528.6 
5191.49 
3456.18 
8074.23 
3540.74 
9285.44 
380.178 
9652.99 
7845.51 
9455.52 
8922.26 
6452.59 
8638.53 
7716.9 
7895.52 
83.8072 
8546.89 
7652.17 
59.39 
8167.86 
7169.64 
79.8049 
1280.89 
7986.02 
992.241 
6600.5 
4645.2 
1854.74 
2683.9 
8306.12 
1036.32 
7445.4 
4824.61 
7214.26 
36.7868 
8276.28 
9510.06 
5520.72 
6809.84 
2920.39 
3035.84 
3281.68 
5231.65 
8280.26 
6249.58 
6639.87 
6306.96 
1093.37 
6308.21 
2122.28 
9137.31 
730.644 
9936.28 
9003.86 
7942.8 
4594.51 
9916.49 
6486.24 
4299.38 
9723.31 
9731.98 
5440.74 
2572.92 
3111.79 
9913.4 
4526.35 
4400.88 
5540.84 
4814.13 
1130.18 
5018.16 
141.176 
2748.93 
1344.29 
3489.29 
4568.21 
7966.66 
5720.12 
8010.59 
4069.18 
789.367 
6891.45 
4615.18 
7389.6 
7004.4 
2936.81 
9031.42 
1019.13 
8465.95 
7212.01 
2306.49 
5122.67 
6700.18 
9926.73 
8579.65 
8199.84 
4704.63 
790.837 
1602.82 
8604.36 
3414.16 
1863.44 
8850.58 
1714.29 
2042.59 
9866.23 
1648.62 
8390.78 
3757.24 
7924.17 
1458.81 
8290.04 
639.411 
6580.08 
1413.59 
8240.87 
4350.83 
4437.02 
2953.49 
9351.22 
6015.28 
8752.87 
9514.66 
2917.41 
2935.1 
184.75 
5093.46 
5701.24 
796.266 
2839.82 
8784.93 
8242.4 
9987.36 
7508.13 
9083.19 
1242.36 
344.178 
4601.16 
1682.21 
2915.87 
6999.84 
6316.27 
7508.61 
7134.57 
741.912 
9319.39 
924.375 
5977.7 
7178.8 
4148.77 
8393.75 
3686.11 
2451.27 
8504.13 
8912.15 
6524.19 
2036.4 
5835.86 
3222.66 
3322.62 
3195.17 
1301.98 
2455.98 
7608.37 
3952.03 
1757.74 
2379.81 
7411.28 
1302.56 
2076.54 
434.45 
1794.34 
7432.41 
6506.4 
2991.07 
897.039 
6529.75 
5541.32 
3036.67 
7361.16 
9081.76 
7142.78 
8663.9 
4244.63 
9503.98 
3417.05 
356.564 
2770.45 
2963.25 
3298.01 
9601.3 
9042.21 
2478.19 
1006.72 
9970.3 
805.211 
3182.41 
6810.71 
7580.43 
4359.07 
2947 
312.76 
6558.69 
1839.04 
8733.18 
8540.01 
1948.93 
5653.17 
2873.75 
9108.81 
1778.37 
9030.83 
1200.16 
1156.95 
4774.79 
9850.98 
5346.61 
505.013 
7751.23 
4905.87 
2929.08 
8997.39 
9084.42 
1822.42 
9481.12 
9244.3 
8896.11 
6988.02 
7697.02 
3898.17 
6590.79 
1377.43 
487.22 
8712.31 
7828.04 
5832.53 
7309.2 
5795.05 
7428.14 
4683.49 
5447.77 
631.042 
5923.09 
9292.9 
5825.37 
7036.38 
420.471 
6854.56 
4570.14 
339.423 
4680.86 
1197.16 
715.369 
3207.18 
3101 
8554.35 
3038.51 
8278.61 
8590.8 
5519.68 
9318.06 
8594.65 
252.836 
9409.84 
1111.37 
8878 
2473.23 
7574.96 
2425.84 
1164.8 
6835.06 
6919.03 
8208.05 
2755.06 
4251.18 
9665.76 
2492.37 
9302.29 
3605.37 
5422.23 
1496.19 
6446.64 
8714.73 
8483.76 
6495.97 
7832.46 
221.855 
8723.99 
4158.3 
8586.06 
5964.41 
3755.45 
7826.38 
7902.33 
4458.52 
4413.57 
8942.84 
2260.32 
9230.74 
1097.82 
1042.06 
3830.5 
9246.84 
1667.38 
3630.98 
5894.93 
6042.14 
198.59 
7709.9 
255.725 
7967.29 
6271.86 
1202.7 
3832.73 
6656.73 
9663.95 
1958.97 
4352.52 
2781.62 
730.055 
34.5109 
25.0611 
1201.26 
9620.6 
3463.06 
3702.89 
4391.84 
3660.83 
7505.25 
682.657 
3414.52 
7906.18 
9176.81 
4583.56 
5809.45 
9450.23 
36.386 
1538.95 
5205.13 
2679.11 
7843.77 
244.066 
2020.28 
4923.81 
4540.13 
5969.29 
5870.11 
8876.46 
6723.07 
4575.17 
4906.86 
9673.75 
6725.88 
1783.36 
2952.68 
5640.91 
6802.63 
1793.4 
1627.06 
5943.24 
8042.9 
6955.62 
3093.8 
7464.53 
6434.23 
65.4483 
9990.17 
4839.43 
6218.41 
2881.24 
4987.51 
5039.84 
4584.59 
3230.01 
6782.1 
6810.95 
1694.6 
1143.54 
9552.78 
3514.11 
1640.05 
4304.11 
9147.03 
4144.37 
4483.55 
5014.71 
2245.84 
5907.28 
3641.51 
2897.89 
4912.47 
3954.58 
4583.01 
6633.5 
9285.9 
8132.43 
1778.28 
7585.3 
6170.69 
853.936 
2095.42 
7742.23 
3584.9 
1364.4 
1438.02 
8859.71 
5151.2 
6163.67 
2880.5 
2523 
4012.31 
4880.3 
3270.4 
5696.78 
5842.03 
7027.48 
829.519 
1717.95 
3567.25 
4726.38 
6207.46 
8807.85 
3563.98 
9879.73 
8595.8 
9602.28 
5544.97 
4373.65 
7945.16 
4224.97 
9129.69 
2712.3 
5558.9 
8511.07 
5553.38 
5734.31 
6628.38 
3114.99 
3677.51 
7831.16 
8278.28 
3073.6 
7955.93 
5346.18 
3184.15 
5988.82 
4131.43 
7009.17 
3195.84 
2471.94 
5817.97 
2636.32 
8593.31 
7814.32 
5309.72 
428.429 
603.766 
7492.88 
2829.39 
3629.37 
8866.95 
6867.67 
4998.66 
2411.81 
5239.68 
3365.27 
41.9972 
5846.23 
7659.99 
1475.24 
4414.44 
3488.85 
7077.99 
9726.52 
3646.51 
6901.84 
9184.62 
5900.09 
2841.5 
7137.9 
6764.39 
9168.34 
2273.55 
1592.53 
5634.63 
1227.57 
1754.19 
2736.46 
1604.64 
9151.07 
1978.18 
7216.23 
3247.98 
8880.27 
694.791 
7355.54 
4581.79 
6227.58 
6864.74 
5707.71 
9529.81 
7584.18 
7315.41 
14.7411 
7753.19 
7844.4 
756.524 
4892.7 
1548.64 
7983.83 
4250.26 
4038.77 
9675.41 
4599.41 
2300.46 
3751.62 
3499.26 
1991 
2745.91 
557.259 
5843.72 
5399.32 
6357.58 
1907.76 
3679.49 
1204.75 
8291.37 
3068.77 
6780.99 
8038.31 
9894.45 
5993.51 
3000.34 
6707.76 
7377.36 
1205.87 
7082.56 
6613.48 
2715.63 
1591.56 
9359.15 
9189.48 
7594.32 
7681.61 
4840.73 
8195.95 
9405.64 
516.976 
8821.3 
9574.66 
1279.51 
4650.68 
3976.98 
1103.69 
9652.35 
7076.66 
7405.17 
8667.08 
7630.56 
6902.86 
6445.29 
5914.95 
2599.34 
7071.36 
8268.14 
2705.83 
6822.38 
3782.35 
9892.88 
9674.92 
6410.99 
9574.23 
4127.22 
6212.23 
8941.19 
4507.63 
9657.1 
6845.05 
4741.75 
4568.28 
9024.16 
9106.05 
5401.73 
6875.01 
8298.49 
2656.71 
1283.73 
5590.14 
3534.76 
8640.91 
7832.13 
4559.32 
8503.52 
8595.59 
6042.61 
8212.79 
2404.96 
105.653 
5702.38 
9922.97 
5409.5 
7519.73 
4126.8 
9183.52 
7484.41 
479.868 
5146.62 
9244.47 
1875.69 
4739.35 
4199.24 
6589.9 
6405.74 
1329.26 
843.059 
9298.67 
2762.7 
2764.94 
385.125 
2802.06 
4245.05 
6631.69 
8826.85 
2791.65 
9205.1 
69.3757 
5997.77 
4544.62 
1505.81 
8093.88 
3867.84 
6817.33 
8877.74 
8252.08 
2668.93 
6695.32 
8216.15 
8825.57 
1281.89 
4694.3 
7070.01 
5734.7 
3052.34 
646.878 
2082.02 
2445.94 
8954.42 
6963.33 
2647.37 
4294.43 
6467.02 
1264.74 
6471.66 
9161.53 
7861.58 
9605.98 
7662.63 
5852.01 
4719.26 
6562.55 
6710.01 
5205.41 
7266.46 
7402.91 
747.618 
5208.61 
1112.35 
5277.6 
700.639 
5635.25 
1671.78 
7617.09 
482.871 
5619.19 
1701.72 
822.74 
7786.13 
1424 
3140.89 
9017.5 
7042.93 
536.156 
1172.31 
3000.52 
9725.06 
9140.82 
9725.74 
467.922 
4366.52 
8050.73 
8702.45 
2073.44 
8332.82 
9746.49 
9237.55 
5434.66 
265.841 
7991.41 
1581.14 
4136.84 
7796.7 
9161.24 
2886.52 
3664.81 
4471.42 
1136.15 
5241.78 
8586.98 
1388.38 
4482.19 
2127.2 
1822.82 
6147 
2609.21 
3061.13 
8478.38 
6208.47 
5816.35 
5431.31 
4034.08 
822 
5345.64 
4217.48 
3144.95 
7113.8 
1553.03 
1771.94 
932.159 
6801.17 
7330.2 
8701.15 
163.443 
6979.54 
5090.95 
3606.72 
8225.85 
1834.12 
6117.87 
3017.62 
7055.73 
5687.59 
1260.28 
1558.75 
7868.72 
9502.28 
4754.22 
4253.54 
9174.76 
239.099 
8533.74 
6614.84 
5662.47 
9071.02 
6607.77 
6789.78 
5806.74 
3826.33 
9185.03 
2757.17 
9674.58 
740.946 
3077.48 
3183.4 
3364.65 
9733.03 
2956.31 
6773.54 
2934.97 
8081.65 
8259.03 
9439.06 
2332.82 
7627.78 
72.3754 
6413.13 
5460.64 
6977.95 
8408.2 
6564.1 
2776.68 
7593.35 
1464.67 
6705.3 
5963.89 
5053.78 
8852.01 
5680.9 
8895.85 
2488.33 
1361.11 
6174.23 
283.94 
2181.95 
2092.63 
880.666 
1347.72 
1156.96 
4975.61 
5110.62 
4179.18 
9467.4 
8558.54 
3398.59 
93.9291 
8666.02 
9830.19 
6042.13 
144.432 
7468.4 
1466.9 
4108.38 
9522.58 
6005.13 
8283.98 
8912.89 
8932.82 
3884.13 
518.142 
8420.33 
449.86 
795.506 
70.5466 
5675.92 
5266.86 
191.615 
466.582 
1843.56 
4657.88 
5038.08 
4964.29 
4793.98 
2431.3 
2829.67 
8186.51 
690.232 
734.682 
7797.47 
2118.81 
794.699 
6504.4 
9389.34 
6557.42 
639.44 
7064.92 
179.567 
7990.58 
7726.5 
9367.38 
7475.09 
3765.2 
1684.49 
1165.21 
3739.57 
871.112 
779.347 
8487.94 
6835.7 
7649.53 
5723.24 
544.159 
5687.56 
841.963 
863.971 
764.244 
4652.72 
8345.38 
885.026 
4640.03 
4919.98 
140.851 
7279.55 
7476.42 
6265.93 
1510.02 
8910.47 
8282.34 
1351 
6250.45 
1289.11 
6108.05 
8023.35 
8452.14 
5181.92 
2563.09 
7902.38 
5336.02 
2430.38 
7411.56 
6113.11 
3093.4 
801.79 
5684.43 
8142.56 
1959.86 
9434.87 
1883.91 
2858.56 
3876.74 
6423.62 
1828.42 
241.402 
7236.23 
9392.5 
9765.47 
8184.4 
5184.19 
620.457 
8020.16 
4892.31 
5013.39 
9984.6 
1138.06 
7419.11 
3049.15 
7110.05 
8634.58 
1347.09 
621.49 
5382.1 
7006.15 
2304.09 
4850.76 
6649.87 
4288.47 
6355.32 
3809.3 
2988.32 
4720.52 
7795.17 
3467.73 
2220.31 
6728.36 
3607.32 
8261.76 
5370.62 
3934.63 
9254.78 
5139.61 
1431.4 
7512.55 
3362.48 
3235.85 
4896.6 
7138.23 
2255.77 
2657.39 
2747.87 
3457.59 
1766.76 
3940.66 
609.161 
8165.05 
9927.79 
6421.5 
6210.85 
5713.7 
83.0845 
6401.62 
2051.02 
1496.19 
6547.13 
7659.93 
456.094 
5563.67 
8563.79 
1657.81 
2776.87 
781.267 
751.914 
7421.19 
7922.12 
7132.59 
7497.37 
8364.42 
860.968 
293.319 
9818.41 
8075.45 
4154.77 
9296.39 
4350.41 
7408.47 
4127.47 
435.573 
677.801 
1807.64 
1027.79 
4029.37 
1687.47 
1254.52 
4791.33 
7825.53 
3729.17 
6101.09 
955.345 
6486.43 
7431.73 
5092.26 
5650.09 
983.043 
2004.35 
7146.94 
8580.15 
6551.98 
9201.39 
7678.58 
3850.61 
7144.78 
2278.63 
6936.97 
9699.13 
3252.67 
7607.28 
5613.28 
2412.57 
7988.84 
8422.15 
1111.85 
6911.14 
5489.74 
5989.77 
94.2531 
4112.63 
923.095 
4454.01 
8530.74 
6171.94 
1733.44 
3868.14 
1844.99 
8752.85 
9111.06 
9513.68 
6368.63 
7597.45 
287.022 
3976 
4705.41 
3786.37 
7469.28 
6129.75 
2785.22 
1205.82 
6200.3 
8358.62 
3327.66 
7962.19 
508.474 
5920.41 
4254.73 
9262.08 
7756.9 
265.795 
7216.44 
6709.35 
4097.83 
2260.64 
4549.39 
1547.89 
5306.91 
3287.15 
7206.04 
1951.22 
4211.27 
8779.22 
2293.62 
8796.81 
8051.72 
5233.85 
5397.2 
786.735 
2660.65 
7490.11 
6355.16 
1197.33 
3566.91 
9000.29 
7900.14 
7729.92 
6781.46 
6058.15 
9296.71 
9879.27 
963.524 
3951.28 
9234.77 
8765 
3335.23 
5226.47 
1219.96 
3840.41 
5703.93 
5998.95 
4327.42 
888.274 
9222.85 
8392.81 
7891.01 
4202.62 
3398.93 
5802.4 
1013.32 
796.148 
861.858 
5239.73 
4109.32 
5339.52 
1244.22 
1528.03 
1656.5 
864.284 
6020.51 
6746.62 
435.824 
4900.13 
6444.34 
99.112 
5775.55 
9612.05 
9735.55 
5361.77 
5340.28 
4140.12 
2918.45 
326.151 
1619.16 
3235.96 
6745.89 
8202.19 
4237.35 
7097.06 
318.399 
1323.73 
7939.13 
2884.61 
1556.9 
6749.43 
7633.68 
9316.06 
5012.48 
4757.69 
2532.83 
9260.3 
7938.98 
500.615 
3831.25 
1812.23 
8217 
3087.87 
7854.73 
4497.15 
3551.42 
8782.12 
1135.95 
1932.79 
4410.15 
1458.15 
7206.41 
8139.22 
5878.84 
5683.26 
8606.92 
6540.75 
321.981 
1530.11 
6574.24 
3282.97 
6945.75 
7242.7 
8103.9 
2257.89 
8351.82 
8976.66 
655.007 
8701.94 
3429.37 
7476.57 
8780.23 
9339.84 
4676.28 
4223.73 
8153.69 
9078.65 
4842.52 
8186.99 
8786.69 
7891.89 
9059.34 
266.783 
3829.47 
1972.24 
7515.26 
8895.67 
9564.24 
6212.7 
6913.75 
9421.65 
9686.71 
4561.44 
4071.16 
3912.21 
2433.81 
5015.83 
1064.43 
9834.25 
4194.78 
1726.61 
9062.5 
3507.7 
3833.14 
3633.86 
4286.7 
6547.65 
6358.63 
9446.1 
655.075 
9839.42 
1131.5 
7154.1 
8990.4 
1730.12 
8204.42 
1688.25 
4351.64 
8018.27 
3108.01 
6378.94 
762.206 
395.298 
3769.88 
380.821 
455.573 
6823.73 
6369.64 
4526.35 
4415.04 
3624.23 
2459.77 
1286.92 
9326.86 
6457.3 
7899.69 
89.428 
3015.79 
6362.36 
2105.42 
5863.75 
2057.87 
6644.7 
7554.93 
5648.8 
9395.57 
1323.32 
986.727 
3921.26 
4681.03 
4077.74 
4513.67 
1302.07 
3868.56 
8863.76 
3156.63 
3520.05 
1538.49 
7354.82 
2385.34 
369.289 
6642.74 
4515.13 
5722.38 
5967.39 
3926.39 
817.268 
5820.26 
1129.22 
8789 
6806.79 
1772.56 
1498.23 
707.434 
9851.48 
3898.25 
7899.98 
5018.63 
8145.52 
1706.38 
9131.51 
3325.22 
6932.6 
6284.89 
130.904 
111.125 
7675.29 
8601.76 
9806.18 
2515.55 
8887.68 
5284.72 
289.439 
4607.15 
2340.2 
1708.92 
1734.67 
4536.49 
4728.19 
6624.02 
9898.45 
3200.27 
6925.44 
5842.62 
6963.21 
682.322 
7786.58 
9082.73 
3389.62 
9273.69 
2889.03 
5899.34 
252.866 
9921.05 
3159.7 
5017.64 
1499.85 
7930.91 
4839.9 
4119.13 
278.37 
8560.26 
2348.02 
3110.76 
2528.61 
8322.17 
742.632 
1416.29 
3622 
4900 
4341.71 
1156.95 
4849.69 
8667.61 
6489.55 
9786.78 
6333.69 
345.281 
3146.05 
5732.73 
9951.02 
6833.44 
9596.01 
58.9775 
1234.48 
7843.12 
9324.87 
3129.02 
9490.39 
5049.07 
9775 
8392.53 
3168.81 
8247.39 
3815.68 
72.3059 
5245.28 
7391.89 
5551.77 
8635.51 
7036.93 
9686.89 
7595.72 
1271.62 
2095.62 
1089.96 
8873.78 
1540.97 
9031.95 
45.5134 
4943.15 
9498.26 
7263.14 
1560.59 
8898.55 
7893.95 
3623.56 
1123.58 
4062.31 
5241.87 
87.2176 
5866.99 
6466.4 
770.987 
7974.56 
8433.43 
591.696 
4638.71 
2806.42 
7489.7 
9329.59 
2355.67 
1781.28 
7949.87 
3406.46 
2447.54 
5770.38 
2779.11 
8499.12 
4760.45 
8818.6 
4262.41 
8262.87 
4072.82 
1894.68 
3956.91 
3840.86 
3332.61 
1142.56 
3059.17 
5517.87 
8759.84 
6670.09 
4160.22 
796.738 
777.554 
8355.79 
5828.33 
6710.66 
6023.33 
4058.74 
5303.46 
5305.97 
7394.85 
5258.06 
2227.92 
4666.88 
6299.26 
1580.27 
9528.68 
8569 
9159.2 
8655.78 
7633.16 
581.362 
948.645 
3881.8 
1466.59 
9057.32 
6349.49 
5886.24 
75.3416 
6265.54 
4863.55 
1759.27 
8018.52 
7312.96 
9001.75 
2389.71 
3938.18 
8951.2 
2772.45 
6586.97 
7258.81 
8742.57 
6325.48 
2411.24 
5652.62 
3520.93 
6190.47 
3194.13 
3777.18 
3040.77 
6170.92 
4576.63 
9359.73 
8969.78 
5106.65 
7428.55 
1564.59 
6101.86 
3942.42 
292.075 
8903.38 
9121.18 
9603.85 
1856.84 
7840.5 
5258.11 
3035.99 
5943.51 
2548.77 
7206.39 
7745.95 
6104.99 
6515.82 
1437.79 
4987.07 
7622.87 
7538.15 
3622.22 
8638.58 
8627.73 
6263.31 
7431.2 
6249.25 
1103.26 
2529.49 
3220.29 
3445.39 
6595.52 
840.124 
9957.8 
669.623 
4347.48 
8147.42 
3719.83 
9192.4 
6671.44 
6951.23 
9358.83 
3924.21 
4231.97 
6645.05 
3377.98 
3709.31 
2423.44 
780.972 
5794.38 
6124.67 
7286.83 
9793.03 
1418.51 
857.436 
919.273 
227.066 
6303.1 
6207.45 
8598.81 
189.663 
7661.57 
8050.78 
9389.37 
7145.11 
7811.95 
5468.57 
217.974 
3482.44 
9371.81 
1947.61 
3426.68 
2132.31 
7774.04 
8336.21 
6714.94 
8058.95 
6799.13 
2922.12 
2023.22 
4256.78 
3780.05 
1225.37 
4871.18 
9863.78 
626.942 
7020.36 
1129.11 
7017.19 
7966.94 
283.673 
7694.86 
7532.56 
9681.29 
3467.59 
9716.73 
9105.31 
3020.81 
671.057 
8459.04 
1080.51 
152.502 
3105.33 
1304.14 
8602.06 
4882.91 
7132.59 
7392.03 
7865.79 
413.332 
6862.54 
8771.4 
884.806 
934.24 
1777.3 
1020.79 
6442.09 
2189.51 
9091.21 
5884.24 
6467.03 
1434.18 
4264.77 
8016.76 
7636.94 
4016.67 
8129.02 
4367.95 
2140.38 
3329.73 
2811.21 
8025.38 
2630.92 
7802.66 
9233.81 
2653.01 
9121.54 
5661.77 
7366.37 
6584.09 
8806.22 
6188.44 
9112.09 
6963.51 
5651.83 
335.919 
5794.16 
2463.88 
486.428 
5403.57 
7819.3 
8982.14 
2759.87 
5107.83 
7331.79 
5313.62 
5996.73 
7092.92 
653.538 
4010.13 
8284.67 
465.315 
546.519 
5344.17 
9391.37 
811.8 
3915.21 
2883.05 
5490.47 
8307.62 
6103.63 
3773.18 
5779.23 
1481.3 
6204.51 
9222.95 
122.668 
1688.32 
5646.98 
8837.59 
3344.89 
7562.27 
9067.67 
330.227 
124.31 
9280.11 
803.704 
7844.93 
9798.48 
3130.09 
7489.48 
5654.24 
894.982 
1965.92 
1261.41 
584.103 
7024.05 
3148.16 
1119.42 
4113.98 
3629.58 
2407.99 
1139.92 
8626.68 
8664 
5776.25 
1449.12 
5378.6 
8187.38 
5318.81 
3276.01 
9929.4 
3426.39 
7348.84 
1877.93 
2363.29 
9754.31 
723.445 
8944.44 
9252.69 
9908.27 
8293.54 
9482.05 
4755.61 
7584.57 
3844.24 
152.988 
1269.02 
8370.95 
513.645 
2835.52 
6637.93 
3719.29 
104.968 
4199.5 
943.472 
6931.15 
1901.84 
4151.94 
1729.83 
3189.28 
2273.6 
2461.18 
5013.74 
5862.28 
7332.34 
4572.14 
3884.73 
633.02 
9173.1 
2324.32 
4812.51 
3775.85 
717.927 
6199.31 
1740.34 
9934.45 
8289.2 
6577.85 
3951.5 
2887.26 
6135.35 
6783.05 
2656.53 
8361.99 
9903.07 
955.874 
5373.66 
5167.06 
2715.88 
5807.39 
4819.49 
1108.39 
8660.88 
3409.39 
1585.63 
9719.37 
3462.67 
7111.91 
9843.56 
638.74 
5296.65 
753.67 
6935.76 
9282.64 
3255.5 
5115.38 
4187.13 
3175.67 
3538.65 
4072.73 
302.253 
9963.16 
825.953 
1790.27 
8992.77 
1433.53 
3349.8 
155.901 
230.392 
2196.68 
9629.03 
5128.33 
1836.82 
1441 
8871.78 
7924.99 
5293.57 
8953.51 
1723.51 
7004.78 
9386.84 
4584.14 
5589.36 
385.673 
2003.05 
5330.31 
6472.68 
6267.94 
5266.64 
6382.91 
7601.98 
6513.51 
2571.18 
3861.99 
8476.26 
531.5 
2916.83 
3233.77 
9888.7 
9404.22 
6757.21 
8511.79 
7601.22 
3690 
7905.31 
4541.57 
235.105 
1413 
8290.04 
630.098 
50.1126 
2243.26 
2447.22 
357.82 
3875.59 
6970.4 
1502.21 
7652.55 
6468.33 
3147.19 
4811.93 
4086.34 
9043.94 
1474.11 
5358.01 
2128.5 
3678.97 
2520.3 
8700.14 
3179.05 
248.599 
8200.99 
4022.93 
3405.58 
7555.91 
2243.99 
4752.3 
1960.61 
1899.46 
4226.82 
118.904 
8422.85 
2836.61 
4986.93 
5378.97 
4338.91 
4020.29 
9059.26 
8933.09 
8475 
9269.29 
8946.27 
30.7449 
6729.3 
9339.65 
1577.35 
521.132 
8670.31 
1972.41 
327.192 
9107.57 
1000.45 
4618.6 
4854.48 
9267.71 
2346.87 
3865.56 
8476.81 
9722.79 
895.23 
6124.15 
8603.63 
1247.84 
2425.64 
7709.07 
6324.71 
9389.02 
1242.3 
9381.38 
2822.46 
7115.47 
9776.64 
5974.29 
9957.17 
79.9189 
3197.1 
3698.07 
3399.33 
2498.8 
7375.61 
1821.92 
1087.73 
1543.4 
9968.33 
7654.04 
1473.26 
1118.8 
3592.13 
2911.83 
9056.78 
7316.06 
1025.03 
7744.3 
8523.77 
8935.12 
2497.63 
7711.15 
1290.81 
4711.24 
1808.43 
4335.28 
2992.07 
7641.01 
2419.84 
235.788 
2888.41 
5571.9 
6933.77 
5806.05 
2205.11 
1354.17 
9526.34 
9266.69 
5325.46 
4960.88 
7573.67 
723.87 
6085.93 
6168.99 
2208.72 
1952.42 
4258.51 
2823.55 
5326.42 
1109.74 
1330.35 
9189.63 
181.636 
2758.99 
404.197 
3343.07 
6926.65 
6234.38 
1300.97 
5461.41 
9878.31 
4775.15 
5928.78 
4962.13 
8486.12 
6270.68 
1287.1 
2254 
2905.45 
1846.24 
9825.27 
3290.25 
9287.63 
7262.33 
8056.51 
5706.62 
1134.72 
1166.93 
2566.12 
8744.67 
1638.38 
6172.85 
7090.57 
1262.17 
3276.36 
5801.21 
967.323 
7797.87 
8725.91 
6310.83 
6073.45 
6417.21 
3986.92 
8174.13 
2600.38 
4562.19 
6809.35 
4816.19 
5656.21 
3970.55 
3020.04 
7805.91 
4012.13 
1939.78 
1892.64 
9665.13 
1814.47 
5721.04 
3484.03 
6114.74 
515.826 
9480.78 
3392.6 
9407.3 
8444.67 
9579.89 
9162.43 
2996.76 
6588.33 
127.065 
5582.63 
7296.67 
5164.21 
4881.97 
1315.42 
8206.82 
1953.59 
3910.21 
8948.06 
66.237 
3244.99 
8552.8 
6948.14 
7331.17 
4908.46 
6507.4 
9817.06 
5303.15 
9967.99 
2046.45 
4648.06 
9905.44 
772.606 
5186.22 
4799.78 
9848.54 
4455.4 
1869.52 
1063.82 
9696.59 
667.046 
1040.66 
373.621 
9449.73 
1619.91 
5801.59 
7241.64 
327.242 
9956.66 
1535.09 
240.008 
3807.29 
9185.29 
7229 
7735.97 
8509.94 
6589.86 
5727.51 
2264.54 
85.8379 
2678.24 
3153.91 
7761.86 
3498.68 
2385.7 
6418.52 
6145.33 
4536.81 
168.843 
7748.2 
4050.28 
3012.48 
725.87 
9700.18 
969.065 
7067.55 
4269.03 
9543.2 
2528.82 
1953.06 
5068.69 
9393.42 
5177.7 
1604.46 
6077.03 
6565.75 
557.782 
4649.17 
8564.76 
7905.59 
9171.18 
98.3034 
2185.29 
8189.07 
3761.72 
3167.19 
1015.53 
8081.83 
1353.73 
2111.25 
3789.32 
7062.94 
6893.39 
7254.59 
7842.78 
3664.29 
5792.99 
2829.01 
7168.16 
5215.19 
1781.83 
7209.24 
5763.62 
9104.23 
4741.46 
9697.69 
9112.47 
3245.89 
3665.13 
9840.15 
3428.06 
5380.7 
3404.48 
9057.9 
6104.82 
3793.03 
9441.3 
9895.47 
3241.97 
7816.25 
7721.3 
1816.6 
1592.73 
9043.72 
7772.71 
5876.49 
6147.42 
9685.58 
5583.04 
4142.55 
3898.25 
7969.4 
1758.81 
364.725 
9933.05 
4776.91 
5493.2 
4218.35 
7814.93 
5490.02 
837.112 
9338.72 
5824.98 
468.803 
9170.17 
3092.39 
3725.43 
3384.48 
2890.06 
3237.02 
4599.56 
4835.26 
6210.45 
8951.01 
9595.73 
5398.77 
7058.53 
2654.02 
6103.82 
6877.51 
242.895 
2332.35 
9779.34 
1347.67 
283.925 
1935.34 
7336.93 
1756.96 
9282.06 
3661.31 
5571.65 
2734.76 
3151.95 
4837.65 
6385.39 
9248.13 
3284.05 
4947.97 
462.99 
1466.01 
9291.34 
9551.31 
8897.05 
2681.22 
3323.68 
1022.08 
8075.82 
258.873 
878.87 
1165.41 
6992.36 
606.62 
5463.36 
2655.77 
5554.92 
1466.56 
8406.63 
297.784 
4859.76 
7903.37 
1997.42 
596.803 
469.876 
7205.96 
609.784 
8634.38 
8026.99 
9661 
2492.32 
8447.18 
1786.64 
7984.73 
9382.77 
6298.28 
5234.03 
8388.99 
3737.01 
7907.16 
5676.04 
7287.01 
2725.49 
7312.35 
8615.61 
2537.2 
2783.25 
8120.63 
3354.7 
2419.57 
5759.97 
7742.75 
2444.19 
9509.82 
1550.64 
1636.05 
7008.6 
3583.41 
6445.16 
3805.2 
3957.79 
8544.65 
9952.08 
4641.64 
1994.52 
1965.15 
8331.16 
1742.8 
1247.04 
8919.2 
5055.8 
2883.88 
9337.35 
2854.67 
8375.98 
5105.58 
9541.69 
7211.3 
362.195 
7411.92 
2081.66 
6441.4 
532.602 
1448.03 
7093.15 
4614.54 
6600.09 
7694.29 
7883.58 
9373.05 
2777.96 
9142.09 
1033.65 
2619.16 
304.619 
9726.91 
127.683 
5974.95 
1064.04 
3247.34 
8046.15 
1619.29 
5351.97 
617.672 
1213.15 
9473.52 
1375.04 
313.606 
776.616 
2592.63 
4253.85 
4475.17 
4206.12 
2238.2 
7416.69 
2274 
9179.96 
7574.1 
7919.28 
9297.59 
4590.11 
5967.01 
7495.15 
955.239 
4702.8 
9969.81 
2639.33 
9285.02 
3329.64 
1205.79 
5678.9 
5311.17 
4901.09 
2690.4 
7555.12 
8859.41 
142.399 
3294.64 
3030.35 
1025.07 
8308.04 
3190.65 
5186.47 
9066.64 
2935.26 
2921.01 
3334.95 
433.989 
4055.39 
8921.36 
1295.65 
5981.12 
4669.67 
3117.54 
6413.47 
1238.69 
8696.18 
6705.47 
8783.49 
4172.71 
781.434 
3563.93 
8948.47 
6914.39 
124.994 
765.776 
400.071 
3991.57 
6386.09 
1017.03 
3232.97 
6451.22 
5598.87 
199.272 
9167.78 
2892.94 
1715.04 
4651.5 
7765.95 
2271.1 
445.314 
4398.09 
8690.08 
4099.11 
3658.09 
1492.93 
1610.87 
3940.59 
9569.58 
6000.65 
2872.85 
3924.48 
8738.7 
1364.98 
1146.71 
2801.28 
1109.43 
6238.83 
5966.18 
3583.23 
3329.17 
3350.23 
7254.81 
1581.13 
4004.18 
8231.19 
1651.02 
8766.78 
3260.14 
3113.21 
3729.9 
8484.83 
4512.9 
8343.79 
4121.97 
8019.69 
6960.2 
149.725 
6434.5 
4642.86 
2496.32 
5724.22 
6921.07 
2455.38 
7646.82 
24.525 
2191.55 
3318.89 
616.152 
5671.01 
2748.13 
7845.53 
9743.06 
1620.6 
7392.12 
9444.37 
1585.2 
2456.03 
8503.01 
36.592 
5002.12 
676.387 
8034.18 
527.146 
9746.62 
1460.23 
2166.49 
2177.34 
4628.87 
7476.56 
8545.75 
8467.71 
6740.83 
3065.77 
6447.26 
9061.43 
5385.82 
9400.08 
7066.37 
4492.73 
9337.09 
8552.28 
8107.7 
6191.81 
5804.67 
9077.88 
1928.69 
5575.04 
9780.85 
6828.21 
1806.92 
8850.97 
8330.94 
8034.82 
1273.77 
8229.65 
5796.3 
8422.14 
854.052 
4056.4 
5850.42 
8054.43 
741.453 
1597.03 
1273.44 
2650.24 
2507.13 
7387.94 
9175 
4292.85 
9846.49 
9947.53 
8084.8 
1189.31 
8707.92 
4019.19 
575.486 
2192.7 
2717.41 
1493.22 
6578.66 
7551.62 
47.8474 
4171.89 
6876.79 
8268 
308.844 
744.008 
4540.32 
9116.98 
9053.12 
5781 
1219.62 
8230.39 
8102.01 
547.946 
9326.35 
8004.82 
7088.5 
6341.46 
873.311 
7745.95 
6184.19 
7678.24 
8163.65 
6526.4 
9227.31 
3405.11 
9713.74 
8749.52 
3107.36 
5355.42 
8472.23 
2742.93 
472.565 
2399.25 
4252.04 
4011.34 
8627.28 
8745.77 
124.181 
7113.07 
9305.54 
8287.27 
4163.46 
5209.73 
9880.38 
9470.46 
43.5285 
1584.11 
4145.46 
2693.87 
5824.78 
7153.47 
8447.74 
1121.85 
4943.05 
7855.04 
9589.14 
4667.15 
716.849 
8084.78 
952.796 
3635.96 
9626.36 
168.499 
1966.79 
5770.8 
9804.92 
1286.92 
9214.23 
3628.53 
4739.1 
114.03 
6495.24 
5539.66 
5133.4 
7000.47 
6982.59 
6413.93 
8960.03 
1247.21 
1804.24 
3830.65 
1673.8 
1535.48 
6841.39 
3300.84 
7162.46 
9442.27 
6245.39 
6204.43 
7782.74 
4538.89 
5196.93 
4849.71 
9010.56 
475.422 
411.994 
4382.47 
6205.62 
7937.6 
7227.81 
7802.92 
3601.94 
7838.71 
5120.01 
2059.9 
744.587 
4274.76 
5817.87 
952.866 
4815.08 
7109.52 
9666.34 
2195.66 
2482.79 
8195.93 
9028.8 
6972.48 
6425.04 
5570.81 
8537.02 
1765.86 
8778.71 
3767.57 
1530.41 
1613.72 
1780.14 
8768.77 
6649.15 
2255.74 
2267.56 
850.643 
6756.49 
6403.69 
6804.56 
4252.09 
4872.71 
5676.25 
667.529 
9157.7 
3475.22 
7953.59 
6017.73 
14.1948 
8572.15 
2180.5 
7709.11 
7009.44 
7630.1 
9151.94 
6681.42 
4628.06 
3854.69 
5710.11 
9848.37 
1599.71 
6361.38 
5793.86 
7436.46 
4557.46 
7212.75 
4734.06 
5291.84 
9947.35 
5057.71 
5003.61 
5681.4 
7321.17 
6863.4 
3158.61 
6800.75 
198.031 
8314.81 
7033.33 
9114.32 
4307.5 
6100.22 
6467.09 
2417.64 
3303.23 
7381.54 
1612.52 
1547.72 
2540.37 
5994.42 
8280.7 
3716.09 
6320.52 
8896.44 
2492.23 
6908.05 
3565.22 
642.069 
1247.83 
2293.37 
4720.45 
6594.76 
8201.79 
7475.99 
8971.13 
7768.45 
4301.76 
9667.38 
9664.35 
8772.06 
1943.23 
9882.75 
9429.4 
9897.7 
565.535 
4951.02 
1722.58 
1363.24 
1909.59 
4455.36 
1195.2 
7768 
6742.03 
3371.68 
7815.48 
4850.13 
6085.6 
635.903 
7623.26 
4101.73 
7788.25 
7042.04 
5560.87 
1506.96 
7552.82 
216.636 
998.064 
4460.25 
3417.47 
7462.67 
5135.95 
9927.64 
3858.29 
6269.85 
7414.62 
7578.38 
9803.7 
727.906 
3913.94 
1563.71 
1294.06 
9185.74 
4798.27 
4507.78 
2197.3 
64.9468 
1561.17 
8641.59 
9286.41 
6689.16 
4672.81 
5996.16 
7532.93 
5929.94 
4553.02 
2562.03 
9957.14 
9710.83 
9875.01 
9351.07 
3459.11 
7195.89 
1260.38 
3197.82 
5827.69 
5924.9 
9851.35 
1696.07 
5797.16 
2793.07 
3171.4 
1661.12 
8395.66 
5911.11 
7978.57 
5862.21 
6243.84 
296.561 
4296.52 
1572.67 
1905.72 
9480.68 
1847.28 
7271.03 
4173.8 
9111.34 
4271.41 
9505.42 
7628.86 
8288.72 
8507.3 
2184.37 
2679.01 
6119.31 
7207.83 
1943.59 
5953.75 
4607.04 
502.175 
59.3696 
7824.75 
553.004 
4342.48 
4059.11 
1470.33 
1821.51 
4164.53 
3216.01 
1500.31 
5747.34 
5575.05 
9822.57 
7924.63 
9183.28 
3456.18 
7980.31 
5087.29 
2021.57 
6578.59 
6446.14 
335.272 
4920.13 
2545.66 
4895.72 
2323.78 
5691.97 
4899.06 
8499.65 
3681.57 
6112.55 
3657.07 
4375.25 
4791.4 
9092 
9174.04 
8154.32 
9719.69 
8880.79 
9407.26 
7852.06 
9538.57 
4727.44 
4008.77 
5453.12 
537.476 
3364.29 
3660.31 
8840.36 
9935.89 
2538.11 
7999.12 
1257.58 
6110 
833.056 
1167.6 
3813.63 
5646.14 
4715.06 
6036.94 
2870.48 
4077.62 
2505.66 
2651.76 
8211.04 
2999.41 
1066.53 
5161.62 
1301.31 
1034.41 
5306.49 
6212.98 
1514.72 
7856.54 
4943.52 
5800.99 
7274.69 
5638.66 
9022.79 
6005.58 
5835.49 
7093.91 
7396.1 
6223.42 
6970.18 
7760.03 
2859.15 
3783.52 
9586.61 
2157.36 
8751.39 
4660.7 
2309.74 
9781.56 
8720.3 
2160.62 
3582 
2619.89 
2524.4 
7567.8 
2053.55 
3944.93 
2517.84 
7362.51 
1628.12 
3833.62 
1588.19 
2717.68 
6016.86 
5420.21 
7427.85 
9824.1 
3635.11 
5286.49 
56.1739 
4115.19 
4066.58 
7034.17 
3317.77 
1716.17 
3751.05 
3899.51 
9055.44 
4813.76 
4891.94 
8877.98 
2250.96 
1901.78 
3234.69 
5501.06 
6245.52 
8478.14 
2140.95 
2997.1 
2233.26 
4387.52 
1033.37 
7877.32 
4189.54 
3574.3 
3185.75 
2961.15 
8072.22 
9855.27 
7491.49 
9512.92 
3620.18 
4378.96 
7221.65 
4189.61 
4824.71 
8978.17 
6023.48 
6603.8 
76.7895 
600.692 
5831.25 
5835.99 
5565.72 
3105.63 
6316.53 
1978.48 
2311.51 
9609.58 
8169.23 
276.679 
137.786 
5770.46 
4154.52 
4950.01 
4839.77 
1992.79 
2776.71 
8150.28 
1693.67 
5580.03 
3507.27 
6770.39 
9987.71 
3375.79 
6909.1 
1220.57 
4107.59 
6182.06 
1952.98 
3675.98 
2244.02 
5210.62 
4813.48 
147.128 
2778.54 
8968.33 
672.801 
7769.34 
9304.75 
4976.5 
9954.89 
1901.95 
6082.01 
263.76 
3017.79 
9982.64 
8189.6 
2538.68 
7535.08 
2160.16 
5858.78 
8499.8 
6080.35 
2444.62 
6688.32 
640.682 
7949.67 
82.6054 
8348.91 
190.044 
4068.08 
2253.39 
2794.01 
8970.1 
417.152 
1079.31 
9999.91 
8562.37 
7823.7 
2858.37 
557.267 
5986.16 
9387.06 
8374.45 
9340.16 
43.2119 
6261.94 
4503.39 
8406.61 
9975.57 
9449.02 
9632.26 
9371.49 
6569.64 
5920.17 
379.113 
1749.39 
2001.35 
6720.47 
880.474 
8120.28 
7603.88 
8452.85 
6969.22 
1625.82 
5078.14 
8299.71 
3166.65 
1842.09 
9.59383 
1243.48 
9118.62 
6655 
621.465 
4957.84 
6342.65 
939.574 
1427.1 
5337.93 
4510.98 
6066.67 
2553 
8330.16 
5018.63 
8147.55 
5906.21 
5588.9 
2574.25 
5452.09 
3214.28 
2362.5 
6615.95 
4292.36 
1621.91 
9516.72 
7563.81 
4938.67 
4273.47 
4189.46 
2329.2 
6839.04 
3710.44 
1422.74 
1915.47 
3274.54 
5184.92 
3032.37 
5113.76 
6928.83 
2844.11 
874.082 
701.252 
5946.41 
1392.28 
73.0318 
7445.18 
1126.81 
8240.12 
1634.16 
5261.95 
7645.72 
1684.37 
9169.57 
2918.97 
9070.01 
9582.21 
8170.07 
4432.78 
1742.85 
2009.09 
6753.64 
8346.03 
1647.22 
4883.26 
2910.64 
9110.26 
6163.06 
2632.73 
8258.58 
1959.48 
2984.06 
3177.41 
2727.8 
6092.01 
8355.86 
6908.68 
4186.93 
9782 
6122.95 
8492.92 
432.048 
1433.67 
5743.58 
2303.78 
9674.24 
4926.03 
1816.27 
5985.06 
903.136 
9003.3 
8470.46 
3094.14 
3238.99 
7645.08 
784.27 
1230.51 
1162.53 
8685.27 
3339.97 
4952.91 
3513.99 
9697.07 
8732.82 
2569.74 
9662.62 
9689.19 
6207.11 
2949.42 
952.669 
1515.8 
6039.55 
6686.72 
3646.05 
9126.18 
3761.34 
6900.38 
4762.43 
2232.19 
6433.59 
9401.24 
6600.05 
7027.4 
9548.65 
4243.54 
1200.22 
2045.79 
3521.39 
3947.42 
4242.09 
6880.17 
4946.02 
7762.93 
1594.97 
6690.2 
2156.61 
6153.36 
9598.5 
1978.65 
5250.71 
8625.91 
5747.98 
6333.72 
873.796 
5892.89 
1760.14 
2594.43 
4604.98 
5909.86 
6981.91 
4968.81 
729.407 
9136.14 
1024.32 
5678 
138.896 
4429.62 
8656.74 
3822.87 
965.293 
3674.19 
2131.2 
9101.58 
219.748 
3313.04 
2228.2 
9413.42 
1337.01 
1096.07 
1660.69 
1243.14 
3526.52 
274.618 
5506.65 
265.574 
3496.18 
221.759 
7107.93 
2920.43 
3643.08 
9298.66 
2648.6 
4943.99 
3659.53 
5683.14 
6498.73 
4206.75 
2916.34 
4944.07 
5063.5 
2246.95 
4537.48 
1453.92 
6031.06 
4032.51 
4397.2 
3788.51 
3519.72 
6012.52 
2468.74 
2135.5 
1270.64 
5679.42 
4002.44 
8930.21 
9956.75 
3113.12 
2204.23 
6508.41 
6811.39 
9087.08 
6476.71 
4115.91 
6082.72 
2261.82 
4393.15 
5609.72 
2601.34 
696.646 
8536.5 
2968.16 
5835.68 
268.836 
8330.61 
2634.47 
7569.19 
5445.23 
8032.27 
8372.98 
4636.3 
2330.32 
5618.49 
9948.47 
3949.4 
7493.52 
3588.38 
9942.11 
7059.43 
7790.53 
5447.6 
7794.84 
7944.04 
5480.19 
5604.06 
7517.21 
1800.94 
8356.09 
785.394 
114.912 
1322.3 
3879.3 
9416.3 
9675.4 
4513.87 
4592.43 
4985.45 
453.314 
8845.1 
9522.01 
6359.6 
5852.36 
689.603 
164.231 
230.05 
6458.54 
8753.52 
418.203 
8733.1 
7157.87 
2375.54 
5753.27 
5260.45 
2414.68 
3586.06 
951.609 
3691.17 
7411.67 
8009.36 
3384.09 
6415.3 
2024.89 
2316.51 
3581.12 
7874.93 
4016.16 
9584.73 
618.501 
5141.98 
1221.21 
4835.11 
3712.89 
2612.06 
825.309 
968.666 
377.723 
8398.48 
3225.89 
7569.06 
3173.86 
3135.4 
6596.37 
5195.02 
2622.67 
9283.43 
6659.95 
3831.27 
2090.62 
7016.12 
9969.18 
2039.93 
5027.78 
1929.68 
2159.12 
8353.93 
4505.95 
1436.46 
2627.05 
2846.76 
5576.58 
5608.81 
7313.62 
42.7991 
9324.34 
4146.46 
9624.81 
4152.63 
3259.09 
5451.13 
7141.89 
3730.02 
414.185 
1208.44 
167.82 
552.496 
5799.06 
4778.82 
7588.51 
164.502 
4792.82 
2989.03 
6656.36 
3445.11 
2032.51 
363.503 
9386.8 
3883.21 
5065.05 
8373.02 
5297.24 
696.525 
6487.95 
2952.11 
6142.6 
8596.81 
6506.22 
67.4505 
3640.9 
2605.59 
2198.04 
2507.47 
2967.52 
5094.93 
439.144 
698.54 
366.423 
8467.91 
237.1 
4941.87 
8012.84 
1834.86 
8493.78 
5037.38 
3307.77 
3727.7 
1420.47 
3909.68 
9990.78 
5067.71 
2953.74 
3476.82 
4844.92 
8542.41 
2345.2 
5838.94 
5080.58 
9283.74 
1840.31 
8.61602 
4809.43 
2124.94 
3931.3 
3314.95 
4329.7 
9274.42 
5243.11 
928.682 
8366.06 
8327.3 
6899.3 
6472.44 
2367.43 
9463.78 
7802.44 
5549.23 
5977.73 
7691.9 
7766.16 
5878.67 
2788.76 
671.355 
3468.39 
3157.19 
2895.03 
6708.77 
4302.11 
5618.86 
6259.97 
1283.27 
7849.55 
7400.77 
4753.05 
4505.65 
6450.83 
9109.87 
9588.37 
1683.04 
6895.56 
3743.16 
1210.93 
2133.75 
1957.05 
2209.31 
1824.21 
9447.59 
5596.7 
3670.32 
7064.65 
5500.02 
8916.3 
6192.26 
3280.5 
5288.49 
3688.51 
2767.56 
4373.7 
8832.59 
9294.77 
7217.17 
9050.75 
6035.95 
6293.21 
9942.42 
2204.56 
2047.83 
7942.46 
8978.07 
4453.59 
1438.88 
3205.21 
9970.73 
8051.1 
4812.81 
8886.16 
9632.07 
6250.49 
1930.48 
5629.79 
9879.5 
4830.45 
5457.03 
6268.41 
3208.68 
8299.56 
770.839 
5494.38 
4108.36 
9265.09 
8411.9 
8868.88 
9323.55 
890.708 
126.897 
2750.27 
3771.14 
1598.11 
9399.23 
2852.2 
6877.28 
6506.98 
2769.18 
1578.79 
4707.2 
3843.15 
1767.75 
589.378 
5684.37 
7142.74 
8007.43 
854.961 
9329.56 
1843.98 
1840.69 
6473.9 
6860.84 
125.556 
218.778 
7002.1 
4323.93 
2361.43 
8597.07 
896.58 
8820.47 
5558.49 
1570.1 
8635.21 
2042.22 
3585.88 
7835.15 
5343.93 
5372.38 
3526.83 
5470.15 
6867.31 
8858.71 
8386.25 
7752.32 
3163.77 
3488.9 
7985.38 
217.679 
8527.57 
2798.13 
8218.13 
2028.15 
7194.31 
4713.18 
4389.69 
7462.69 
5504.42 
2726.71 
7756.86 
9518.06 
96.1609 
6176.87 
4664.23 
1678.78 
5188.73 
6905.25 
6571.86 
3308.54 
6646.76 
2162.74 
9171.08 
8350.05 
9274.18 
1072.2 
495.247 
3621.7 
9912.49 
9255.46 
6553.27 
880.115 
2090.22 
368.874 
9664.2 
6215.57 
5124.73 
1404.26 
1363.81 
1479.59 
7547.32 
7827.13 
562.813 
9192.27 
4475.13 
3501.75 
3837.27 
2937.69 
3762.13 
128.592 
1247.33 
3903.82 
1473.07 
7913.58 
3606.37 
2308.17 
3481.75 
7821.65 
8479.87 
1092.18 
6267.62 
9885.07 
8369.03 
8270.33 
9509.8 
1163.39 
3146.29 
9657.26 
9574.89 
5122.25 
9704.66 
6190.18 
8318.46 
8365.92 
6037.15 
6311.73 
1243.06 
2165.83 
1114.77 
5965.33 
9353.64 
6584.28 
1977.62 
7930.95 
5500.75 
1169.96 
3591.78 
6977.4 
9213.54 
2024.45 
4976 
1658.86 
531.141 
6884.43 
6537.42 
4418.46 
1055.54 
425.962 
9150.15 
6551.93 
8343.54 
9821.62 
1951.24 
4503.82 
5661.74 
6820.56 
3138.75 
2891.05 
9928.24 
3924.96 
6749.85 
4760.3 
6310.56 
1662.82 
6981.32 
5051.54 
1305.78 
6296.06 
7923.15 
4345.44 
3816.35 
1373.74 
8442.11 
6589.25 
5515.27 
5181.68 
8481.17 
3053.6 
1824.17 
8867.57 
7331.22 
5759.89 
6503.37 
2120.06 
1851 
9715.75 
2616.33 
2631.86 
3597.99 
1428.6 
426.369 
5990.79 
7155.66 
5175.4 
2969.43 
7155.1 
5780.63 
5008.54 
8526.34 
2162.27 
1216.75 
9919.07 
9804.96 
2010.62 
2513.5 
4452.68 
6116.8 
5100.47 
3651.2 
5755.33 
9753.77 
1539.12 
8034.68 
8851.04 
9391.96 
612.762 
8687.3 
7428.04 
3050.68 
2719.03 
8692.67 
7746.06 
8064.16 
4370.33 
2118.1 
8874.59 
5245.41 
9591.26 
300.996 
8843.15 
6897 
7935.95 
9506.26 
1749.67 
6658.35 
6965.92 
6271.39 
3294.78 
5420.83 
7927.08 
397.649 
3286.94 
3611.47 
7960.51 
2242.84 
5360.13 
7629.14 
3032.13 
929.937 
9458.04 
1350.97 
5686.56 
3991.48 
4744.59 
2281.35 
2572.69 
9172.55 
2998.49 
5699.53 
2029.98 
7807.23 
6086.88 
2163.51 
2040.21 
9881.23 
3773.62 
3243.63 
5646.74 
4780.55 
6786.27 
6875.35 
4012.28 
4449.7 
6061.3 
2291.96 
911.773 
4174.08 
3695.09 
3323.16 
2430.53 
9838.13 
9404.33 
8523.55 
5275.19 
166.385 
6438.28 
8143.12 
1440.34 
7734.54 
4390.95 
8695.87 
1469.78 
2633.98 
9324.27 
3016.18 
2937.44 
9632 
5007.03 
3206.7 
5056.2 
9546.54 
8771.77 
7221.5 
1819.79 
5182.46 
1686.6 
6763.53 
4684.31 
9235.17 
5490.9 
5594.98 
4884.31 
556.832 
8676.57 
7039.07 
5671.68 
3876.45 
1426.49 
4950.69 
6243.18 
9127 
7511.41 
4325 
196.945 
62.466 
9865.33 
6606.11 
8815.83 
7659.82 
8611.11 
6845.49 
2165.14 
9475.71 
8228.32 
3342.68 
454.088 
1852.83 
587.412 
2629.3 
717.627 
1148.87 
9090.28 
263.984 
6772.57 
6551.88 
7398.97 
4525.97 
7944.91 
19.3957 
5983.85 
636.361 
5324.01 
708.374 
5645.02 
5839.35 
1884.12 
6398.35 
7102.94 
9154.8 
4696.59 
5535.21 
286.619 
7201.97 
3488.26 
7155.79 
7434.09 
4775.08 
4851.09 
2208.7 
1633.26 
147.512 
9238.51 
1574.04 
4861.79 
2174.73 
710.185 
6078.48 
1051.56 
3627.9 
4128.35 
5127 
9467.57 
1450.31 
5295.93 
8704.43 
5303.27 
1996.74 
9271.89 
2659.68 
1192.64 
4695.89 
3786.5 
9705.19 
5160.45 
1669.72 
2962.01 
2472.35 
2808.56 
3504.07 
2823.15 
8698.66 
8333.85 
6963.25 
1325.41 
6246.63 
7172.05 
670.956 
6757.59 
4765.37 
1555.46 
2566.65 
7706.72 
6874.96 
7383.35 
1943.14 
8353.4 
5630.22 
7061.69 
5743.26 
6905.15 
4907.98 
8374.78 
4955.27 
3144.69 
2856.41 
7627.04 
7588.77 
4433.4 
2079.37 
7912.02 
7370.82 
1334.76 
3320.69 
849.417 
6146.61 
6107.77 
3305.15 
9581.18 
957.384 
744.562 
3845.64 
3600.95 
1113.05 
7028.35 
5481.89 
4134.15 
2739.35 
330.361 
2374 
9817.31 
9553.57 
6825.35 
3740.88 
2948.2 
464.409 
5317.11 
4646.84 
9438.86 
8933.59 
6820.25 
8012.79 
901.331 
8666.41 
6434.55 
5520.04 
5251.62 
3968.73 
2427.86 
5007.35 
8592.42 
2785.11 
9349.01 
8860.06 
995.929 
8583.86 
8935.11 
2441.52 
4585.21 
3600.65 
6189.79 
1867.34 
4397.91 
5682.17 
180.988 
1864.61 
8487.72 
3178.52 
1356.51 
8912.23 
7924.01 
8885.19 
3403.78 
7385.26 
4070.7 
6235.24 
5702.04 
4199.24 
6563.52 
3123.4 
4939.32 
5192.11 
3873.08 
4870.25 
4224.59 
2611.03 
3573.17 
4330 
4229.69 
8393.67 
2438.43 
2697.08 
9903.67 
908.12 
2771.2 
5562.92 
5983.14 
8609.5 
9889.6 
4453.7 
3400.79 
7097.94 
5112.9 
2466.17 
8903.88 
7574.99 
2776.47 
4057.71 
7953.5 
4444.94 
6180.29 
2126.6 
1849.99 
2805.08 
4971.35 
3544.03 
4498.44 
5275.7 
8743.69 
5277.19 
3795.98 
9052.42 
3988.38 
2711.21 
7243.01 
3256.23 
7529.96 
6003.58 
2118.01 
7310.41 
6103.07 
4311.57 
4485.63 
9983.09 
5714.02 
5598.95 
1603.95 
7570 
8936.17 
240.716 
5715.27 
6560.71 
5838.82 
3084.7 
4517.01 
7371.04 
5051.97 
8508.55 
3153.25 
6613.27 
9234.85 
160.284 
3892.1 
4543.31 
9365.48 
5583.49 
1747.67 
3113.13 
2329.14 
5851.51 
6272.34 
9143.18 
9441.82 
8704.52 
6914.79 
6942.7 
5963.78 
3308.34 
3294.5 
581.945 
743.425 
4739.04 
9083.38 
4283.92 
9874.78 
5497.52 
6882.98 
2247.34 
1108.42 
9265.47 
4703.52 
2096.77 
442.062 
9731.76 
1709.05 
4040.16 
2938.12 
943.998 
5779.88 
2471.24 
4197.38 
5328.48 
5810.92 
4098.44 
2515.61 
9828.57 
8757.61 
9161.27 
3526.01 
1617.48 
4982.3 
7438.43 
7652.75 
9742.1 
5403.97 
4518.2 
7436.52 
5579.35 
2101.75 
4120.98 
1239.56 
3365.54 
4558.67 
7619.15 
5047.48 
3052.88 
9714.82 
7024.87 
6996.45 
9343.27 
2395.28 
7519.01 
2068.56 
6282.58 
1252.4 
9048.61 
8.59445 
4446.91 
9294.6 
4292.77 
8640.84 
6551.26 
7084.91 
6136.49 
5915 
3356.54 
3352.36 
3083.07 
7106.09 
2052.6 
8083.62 
1459.5 
9836.28 
8338.26 
1111.91 
7953.22 
9746.23 
4838.42 
9359.32 
2070.29 
5338.75 
8444.66 
9367.79 
4488.37 
6092.53 
7169.76 
2134.93 
1788.68 
2387.57 
7930.38 
5949.37 
1137.94 
5300.52 
5769.9 
4749.33 
2043.87 
1255.93 
8369.75 
404.494 
8327.29 
6767.03 
3483.82 
2637.49 
8276.55 
4036.12 
5138.99 
923.715 
4878.19 
7656.9 
9568.73 
1603.65 
2534.67 
154.036 
8888.52 
9393.39 
4775.5 
1877.52 
5519.52 
6535.47 
1649.45 
2336.58 
941.932 
1047.79 
128.889 
6230.38 
4013.53 
5381.71 
452.58 
6506.43 
3622.11 
6788.9 
986.881 
6501.46 
59.0254 
2040.36 
2289.17 
4004.9 
333.107 
8532.83 
1276.49 
3959.13 
1092.42 
319.722 
3574.88 
3024.6 
4376.14 
9746.97 
7282.11 
496.333 
1864.42 
5289.01 
2369.13 
7905.28 
4016.82 
626.41 
8076.15 
5798.69 
8586.83 
8836.67 
7901.74 
4567.95 
3533.81 
2716.91 
3156.1 
4634.46 
1426.1 
8408.31 
8544.56 
8413.97 
3520.13 
2880.55 
3454.73 
3585.99 
9693.91 
5568.61 
1636.4 
2933.16 
7689.04 
9674.06 
1955.06 
8756.51 
648.702 
2726.56 
5232.31 
9373.74 
4487.38 
9403.82 
9936.46 
2014.04 
6.87294 
5513.53 
5930.23 
9421.1 
381.628 
4023.6 
4679.39 
6424.36 
4154.56 
5680.84 
7838.43 
417.774 
1526.03 
7954.91 
8102.49 
8606.29 
5894.54 
9468.77 
1610.33 
4799.79 
9.92233 
6764.59 
2451.27 
8429.54 
5357.03 
5605.47 
1100.65 
8564.08 
6541.62 
4987.42 
3614.42 
7607.24 
4832.68 
2833.58 
3914 
2657.99 
2907.59 
7921.89 
3259.71 
6022.91 
7070.74 
7843.19 
425.886 
7865.06 
8047.12 
7949.63 
9469.96 
1570.86 
1405.42 
935.755 
7234.05 
2668.91 
6317.54 
8887.12 
5756.66 
2240.02 
8019.75 
7910.09 
4891.07 
4252.45 
1009.37 
4455.93 
800.662 
6726.14 
6266.07 
3851.59 
3701.31 
7838.69 
4883.97 
4880.21 
1688.07 
1386.78 
7557.99 
7143.81 
5949.46 
2549.66 
2086.74 
1857.92 
6060.13 
2598.15 
7113.96 
4277.62 
4022.12 
9812.98 
6671.6 
9588.56 
4962.68 
7805.69 
153.421 
8548.71 
8244.59 
6804.08 
6255.73 
83.8107 
8606.45 
8654.74 
215.892 
8495.36 
1528.31 
6359.21 
9290.42 
4146.51 
437.89 
9613.44 
3096.01 
4613.34 
6330.18 
1399.89 
7879.36 
8463.87 
2271.42 
5797.46 
7829.89 
6945.71 
6578.32 
1861.07 
8922.09 
3542.12 
2365.87 
3209.68 
5084.47 
4603.56 
2004.68 
2700.29 
3848.48 
1420.45 
3575.49 
3327.23 
720.449 
8593.11 
4315.78 
5287.66 
9737.3 
4821.79 
9882.41 
3693.92 
3745.03 
2761.22 
7788.34 
8580.31 
9313.13 
5733.04 
5236.25 
5617.15 
7426.14 
1079.57 
4277.57 
3171.24 
9024.65 
7260.97 
5146.22 
2508.63 
2562.95 
5462.75 
2376.7 
5139.35 
6992.44 
1909.87 
9135.84 
6054.02 
9974.88 
7866.93 
9490.34 
4167.28 
9412.41 
4340.87 
7058.45 
1362.75 
3684.15 
9555.4 
7557.63 
1065.85 
3703.19 
9456.44 
4394.29 
4821.35 
2356.03 
7749.2 
774.837 
2688.85 
1519.13 
2099.6 
7917.05 
1900.77 
6261.65 
9499.91 
4983.28 
3937.04 
9833.18 
6209.71 
6574.07 
476.047 
918.034 
9393.9 
3234.09 
5288.19 
8639.64 
6425.05 
5824.3 
9045.98 
5822.24 
4456.48 
98.3887 
3618.46 
5388.84 
208.317 
1179.35 
1352.05 
3888.03 
6163.85 
5818.2 
6547.15 
8026.05 
3793.82 
2780.64 
4216.96 
4509.17 
5687.6 
1528.41 
8043.37 
4907.05 
2855.8 
7359.78 
5795.26 
923.314 
8144.3 
1228.61 
9193.46 
4443.64 
4275.93 
5480.53 
1230.29 
7402.35 
1354.96 
2762.93 
6497.02 
5494.78 
756.003 
6146.96 
2016.52 
1704.44 
6487.33 
2633.98 
9353.46 
3652.13 
1345.3 
396.991 
2228.83 
9924.47 
532.618 
1711.94 
2547.37 
3626.01 
2282.54 
2605.53 
1187.35 
5717.5 
4096.21 
5016.89 
8878.1 
4309.22 
5024.68 
9878.38 
5899.25 
8701.29 
2554.55 
4404.57 
7628.99 
395.03 
9272.22 
8244.73 
9189.01 
9765.91 
5693.64 
3061.15 
8815 
3648.74 
4401.26 
1973.48 
8352.96 
8256.6 
8734.59 
2188.95 
9683.36 
8255.25 
5977.38 
1870.1 
751.696 
3747.65 
6715.13 
1106.46 
6298.45 
8078.53 
5798.09 
8491.36 
4297.61 
9928.48 
8003.28 
1091.25 
693.693 
8894.31 
6670.23 
6613.32 
1.05371 
7709.74 
7653.14 
6391.22 
7278.02 
1687.83 
7415.6 
3968.91 
5447.27 
2286.02 
1125.72 
6.00638 
949.207 
3314.14 
808.865 
4591.63 
1488.48 
6960.77 
9686.7 
4437 
2620.32 
9787.58 
9896.71 
4016.76 
9613.36 
1824.85 
245.785 
913.753 
7445.46 
5824.66 
5112.83 
1284.86 
4590.14 
6507.65 
4125.55 
8170.9 
8253.91 
3530.57 
8339.93 
9127.11 
9304.28 
7001.5 
4264.15 
7634.69 
6184.08 
5776.51 
5796.51 
1989.16 
1831.75 
6294.09 
4821.05 
7378.22 
5769.81 
3121.76 
7445.44 
5573.12 
7488.32 
6129.8 
3574.9 
3368.64 
6777.3 
6156.93 
9541.91 
944.089 
7310.25 
3370.34 
5262.08 
9775.28 
3116.52 
9377.74 
1619.86 
5035.31 
8376.81 
9010.15 
3522.24 
8294.87 
1946.07 
7668.92 
1540.86 
7317.9 
1954.53 
9821.53 
532.868 
5910.47 
7309.2 
5657.15 
9732.31 
917.715 
4032.44 
3272.32 
7862.22 
366.766 
4229.06 
7833.71 
1131.64 
9547.95 
2453.66 
8730.02 
5520.27 
9203.15 
7397.96 
7555.03 
7458.96 
2770.59 
5278.29 
2175.74 
7655.6 
7751.24 
5027.02 
9134.04 
5767.77 
8988.46 
9059.26 
8969.33 
7494.96 
7721.93 
2496.39 
6743.05 
510.332 
7156.23 
4720.99 
5663.49 
6298.42 
7587.03 
5224.99 
6477.13 
1069.33 
2145.97 
7366.38 
6689.35 
7989.47 
9080.02 
7956.37 
2682.85 
652.888 
3086.01 
6524.6 
9000.54 
2105.88 
3506.51 
3969.5 
5466.04 
7754.75 
4166.82 
1799.39 
2272.83 
9537.34 
4033.42 
9681.63 
9196.49 
5377.65 
2201.16 
4917.37 
6288.84 
6583.43 
7739.58 
9125.25 
8074.4 
6503.96 
2122.79 
7667.27 
3765.94 
4176.94 
1782.65 
954.853 
8211.69 
3843.7 
1141.16 
9452.1 
1510.6 
8646.24 
7344.66 
1703.65 
3255.06 
7749.44 
4767.07 
114.583 
5793.99 
9531.89 
2484.86 
2981.72 
3720.38 
8391.98 
4079.89 
783.26 
4242.9 
501.101 
1997.13 
5709.63 
1698.07 
9462.52 
6534.9 
2132.98 
8963.09 
2650.41 
5419.87 
1806.56 
2807.77 
112.443 
9829.24 
9987.9 
6679.61 
4270.99 
2451.28 
8674.28 
8543.67 
3383.89 
3090.27 
8195.6 
3395.38 
6072.57 
1714.12 
9205.85 
2679.53 
4943.54 
6063.96 
6944.37 
3977.49 
9667.22 
6984.76 
2864.15 
7793.02 
7250.59 
582.653 
2651.48 
3429.84 
5249.25 
4219.15 
1209.52 
8468.3 
6677.89 
5280 
968.796 
2547.43 
4619.49 
9689.36 
9145.13 
2235.09 
5190.62 
8775.32 
6860.47 
3965.26 
4194.97 
4940.9 
1632.09 
613.521 
1442.32 
1138.27 
824.524 
7771.53 
6097.84 
6479.98 
9027.44 
4142.65 
5435.51 
4621.75 
7756.2 
8423.64 
6073.82 
2740.29 
5996.72 
6826.04 
5214.96 
7868.64 
8315.17 
3102.52 
4038.27 
1122.75 
104.528 
6804.36 
887.455 
5462.21 
3392.18 
2389.31 
7194.66 
731.422 
3002.64 
5287.3 
3696.36 
4749.26 
802.369 
5416.59 
6697.49 
4734.07 
5460.42 
3271.3 
796.354 
4327.45 
1487.7 
3702.04 
204.433 
5904.61 
8845.33 
3483.01 
8949.56 
5261.98 
8107.87 
8990.76 
7663.84 
6209.26 
8975.37 
9122.16 
6154.66 
1394.31 
4195.61 
5624.59 
2551.31 
9882.8 
150.911 
6366.38 
9820.19 
7906.68 
7534.19 
7210.62 
8952.76 
8993.61 
5530.86 
7106.07 
1798.56 
8367.02 
4510.74 
2053 
4713.73 
3696.73 
884.976 
3797.52 
4877.09 
9227.92 
3592.85 
5083.32 
5309.52 
7157.08 
9123.7 
2024.26 
1660.75 
2251.81 
6116.66 
2688.54 
6335.65 
3307.13 
2956.11 
3331.9 
9192.64 
641.213 
6863.51 
5046.41 
5030.63 
9757.8 
9313.13 
5818.66 
4259.65 
1939.37 
5058.58 
9553.14 
9691.07 
7839.34 
5804.65 
8763.65 
686.501 
8021.36 
4978.06 
6223.63 
595.586 
9.63364 
1912.55 
4284.13 
3354 
621.243 
1228.96 
5163.49 
2783.81 
7571.75 
8387.66 
1406.66 
1659.28 
7458.65 
7557.6 
588.361 
8582.73 
9975.73 
2149.74 
692.191 
3656.07 
7557.16 
3238.46 
8815.13 
5905.55 
4637.85 
8324.19 
4705 
7017.18 
7805.56 
7974.48 
7113.12 
166.836 
4020.86 
8529.16 
9656.75 
914.853 
5928.92 
7303.54 
646.202 
714.919 
5647.07 
228.412 
8925.22 
6184.08 
5782.61 
8395.99 
1361.31 
9578.86 
1852.54 
5609.21 
4073.02 
5284.28 
2972.96 
6505.9 
4704.74 
2633.09 
4282.77 
541.148 
5068.72 
9943.46 
9653.45 
5546.5 
8.29697 
9447.2 
9009.4 
944.795 
9177.06 
8856.99 
9387.91 
2624.31 
6767.92 
8433.6 
3489.64 
450.904 
8345.12 
6460.55 
2382.26 
8563.19 
1461.77 
7977.23 
3279.62 
533.047 
8919.63 
2273.36 
8347.48 
6121.53 
4592.83 
1649.99 
1456.81 
4557.21 
3041.85 
4300.62 
547.482 
1532.54 
7413.88 
5084.44 
4194.08 
9947.61 
9429.84 
7273.58 
7038.59 
7630.87 
1952.91 
2518.46 
7805.15 
1183.46 
458.968 
3872.71 
8714.88 
1069.59 
6581.18 
9830.92 
8225.44 
5019.23 
8273.47 
2127.26 
2866.86 
3287.94 
359.195 
6988.73 
9627.86 
5363.93 
1568.16 
5984.54 
2174.62 
8854.32 
4522.78 
4361.51 
3922.12 
9033.34 
3335.14 
3777.73 
2260 
3739.21 
4978.01 
5455.63 
2792.44 
2459.37 
4575.11 
3835.12 
6889.04 
4133.05 
4234.3 
5807.19 
1369.94 
4512.89 
8059.07 
8777.24 
9098.07 
1268.4 
8077.63 
699.301 
3159.72 
5397.92 
2920.97 
2793.52 
649.805 
1279.2 
9505.23 
4458.17 
8384.61 
123.119 
9256.42 
2688.12 
9184.15 
8022.46 
3480.85 
2600.85 
2474.11 
2305.52 
8904.55 
8834.08 
4353.87 
5430.27 
6619.78 
8720.36 
3055.33 
981.937 
3420.33 
5407.48 
3518.38 
3467.73 
2085.46 
332.274 
4527.62 
5719.99 
5791.11 
1267.85 
8676.05 
8300.54 
7154.33 
2753.95 
5621.69 
3691.76 
7363.69 
1460.77 
1111.79 
5923.06 
8843.98 
817.845 
5515.1 
2248.9 
7325.82 
5071.21 
1860.24 
5000.7 
6755.32 
6730.86 
5528.02 
9377.9 
4382.1 
9982.25 
1719.22 
4987.71 
8391.01 
7750.1 
5872.92 
6182.09 
2414.34 
7828.59 
5177.76 
2635.89 
1442.12 
7791.16 
6058.67 
8043.39 
5195.93 
7915.56 
6752.22 
4571.63 
5362.05 
9927.87 
7645.39 
6090.16 
7273.98 
3790.71 
542.208 
2888.58 
8333.28 
7411.56 
6031.88 
7731.16 
7618.55 
4896.06 
8018.63 
9163.51 
1111.76 
5268.15 
1761.87 
1764.48 
5672.06 
286.477 
4821.11 
8377.73 
4460.73 
1477.46 
1653.79 
5277.01 
766.002 
4197.74 
1387.89 
6312.63 
6407.05 
3207.25 
4206.79 
3528.44 
2514.49 
955.749 
3273.77 
2263.12 
6251.88 
5390.49 
8042.02 
2169.1 
6119.9 
7217.21 
9566.98 
2268.46 
6020.26 
2505.12 
3531.54 
4595.76 
1005.35 
6894.8 
844.516 
3782.29 
9002.24 
674.631 
8525.33 
5189.22 
5215.6 
8656.83 
5263.86 
9702.85 
5726.11 
8793.49 
2205.33 
4985.14 
5167.78 
4799.87 
1467.66 
6993.01 
1498.58 
6603.12 
8582.67 
8943.51 
3630.86 
3906.25 
2290.17 
886.221 
4711.38 
4100.7 
438.046 
2234.88 
1678.15 
4616 
1191.87 
1786.06 
8258.82 
6058.07 
8008.34 
6128.59 
3215.38 
966.567 
5092.15 
3703.75 
8850.51 
516.775 
5445.63 
4695.88 
3591.94 
9675.78 
812.139 
9627.44 
8368.49 
9146.98 
3279.4 
6927.2 
5514.5 
2233.26 
4472.2 
4272.24 
3526.91 
6783.97 
8115.8 
2324.15 
1983.9 
3388.46 
9842.38 
868.626 
9005.4 
3705.33 
5424.01 
1291.88 
2644.5 
6180.81 
814.501 
9317.85 
5161.14 
3309.8 
7798.94 
6712 
8563.27 
2888.6 
8631.38 
7685.91 
7038.6 
7714.69 
722.619 
5051.46 
9948.06 
7120.58 
5511.85 
7720.55 
9356 
6334.1 
7142.09 
7138.17 
1174.79 
4658.09 
8540.77 
4701.37 
5955.93 
1297.84 
2806.77 
3370.35 
5508.22 
6638.72 
6903.9 
3924.39 
7149.48 
1301.72 
7929.99 
9305.49 
7394.2 
4386.45 
3086.41 
3313.82 
5401 
4610.78 
3322.95 
8892.62 
8181 
8018.43 
5731.41 
7845.52 
9666.21 
9919.52 
7347.86 
5500.08 
9810.93 
2276.82 
6524.88 
3585.07 
4311.42 
1992.15 
2043.78 
9858.37 
9666.92 
1962.11 
7173.23 
521.446 
3941.92 
1880.37 
3404.06 
2076.93 
7028.56 
8957.74 
2696.62 
2175.05 
6026.95 
4959.48 
3971.14 
3008.52 
4223.41 
2860.64 
8757.15 
1407.06 
8516.27 
2976.36 
3604.59 
2314.94 
7270.12 
8877.24 
9819.79 
1225.23 
2409.08 
9391.01 
4748.63 
275.355 
7883.9 
4646.77 
8201.12 
6232.39 
7838.55 
2494.42 
3762.73 
271.097 
6328.5 
3065.06 
4525.04 
2287.24 
1574.3 
9308.11 
1422.93 
5205.83 
4391.43 
6774.48 
8720.84 
1115.71 
1749.95 
1341.65 
9178.35 
496.194 
9533.73 
3335.7 
3104.18 
1895.99 
5933.51 
4580.72 
8189.44 
9886.01 
4117.17 
7292.26 
983.065 
2372.35 
2053.74 
7142.4 
2281.19 
9916.89 
3139.52 
5888.46 
7363.76 
2795.63 
6196.94 
1966.81 
6210.48 
9597.86 
1193.92 
6178.65 
4491.93 
5866.19 
3080.57 
5115.04 
8411.74 
6180.29 
2147.19 
7794.37 
47.0769 
1221.2 
4721.86 
361.1 
9003.04 
4157.9 
1826.74 
2038.3 
7662.88 
53.439 
8150.07 
8167.66 
3860.33 
641.466 
1126.46 
2364.23 
5693.57 
1898.16 
2299.68 
697.863 
8991.66 
2762 
1017.88 
7426.63 
9437.66 
8743.04 
4319.02 
9846.53 
704.493 
419.667 
3336.07 
9348.68 
3266.4 
8307.99 
2347.98 
2512.82 
3041.59 
75.5562 
9872.55 
7999.35 
5140.16 
691.324 
9077.34 
2911.54 
4312.44 
9108.89 
3078.72 
4034.33 
5024.45 
5876.36 
4051.28 
9919.78 
1809.6 
3877.72 
2849.06 
4130.53 
1799.25 
27.6062 
3976.68 
5978.59 
2131.79 
8931.42 
366.278 
6041.66 
2207.4 
9735.94 
1885.44 
8663.59 
8956.43 
735.911 
8456.9 
5048.92 
7275.8 
4430.64 
5721.28 
7500.76 
5253.75 
9835.34 
2487.98 
5521.86 
5830.5 
3153.05 
3318.53 
4456.8 
5431.75 
1359.56 
191.702 
1927.22 
740.958 
3279.16 
2912.2 
5313.81 
9146.92 
2368.02 
9351.77 
5274.73 
2425.4 
3727.4 
6474.99 
5181.35 
2987.69 
4049.34 
7336.42 
3166.98 
7351.93 
3927.82 
4946.36 
3398 
117.813 
78.2316 
4838.1 
3891.97 
2402.25 
4572.78 
4635.5 
8831.08 
3979.99 
1664.54 
5855.85 
9251.74 
4025.44 
5506.28 
4041.18 
177.887 
9752.96 
8071.51 
7808.84 
3212.6 
4244.94 
4750.62 
3719.47 
3052.46 
2645.89 
9463.86 
9157.34 
7371.12 
6371.11 
9202.74 
430.302 
2093.01 
7152.72 
5731.14 
3262.16 
7191.34 
4774.68 
8071.1 
1022.83 
742.639 
1538.23 
2980.74 
7230.92 
110.768 
1670.51 
6233.81 
1622.73 
3201.83 
3224.78 
8849.01 
5307.65 
5653.13 
2172.82 
8584.5 
9765.71 
2325.02 
6566.38 
1172.22 
1458.96 
726.933 
7560.51 
9409.25 
1305.17 
5975.59 
1672.68 
2719.17 
1060.38 
1873.11 
1342.29 
9794.74 
190.432 
597.231 
7653.15 
6534.05 
7842.65 
1484.96 
7780.51 
6970.99 
1452.42 
850.265 
406.805 
7165.41 
9094.56 
2227.06 
157.655 
9709.19 
2429.5 
2635.61 
6715.23 
2913.26 
3112.22 
7123.21 
9767.55 
3135.79 
3215.37 
648.582 
711.814 
3459.5 
3895.65 
4183.92 
9133.89 
3273.12 
1318.49 
9862.81 
4239.78 
7938.03 
4481.29 
7024.97 
8614.55 
4780.97 
3795.65 
3433.79 
1694.89 
6094.35 
7726.8 
4328.82 
4540.5 
2203.15 
8349.12 
3627.7 
726.146 
4335.12 
277.959 
1651.46 
6050.16 
4956.54 
4538.15 
2715.67 
2331.31 
2310.88 
9004.53 
9204.79 
4840.89 
863.025 
4853.08 
5698.67 
7613.26 
5993.82 
8191.02 
6514.99 
7495.19 
1732.87 
4297.43 
6914.63 
4116.44 
5037.73 
9114.39 
5558.86 
7677.17 
202.058 
5987.23 
7456.82 
6765.85 
3576.2 
5227.3 
5242.7 
4041.56 
6427.87 
3199.82 
9369.7 
6631.19 
473.057 
671.961 
3640.24 
1505.06 
5576.23 
9698.73 
6552.91 
4683.74 
9677.22 
4967.13 
2595.25 
8410.7 
8568.14 
4770.26 
3801.52 
2136.2 
3140.82 
7727.32 
3038.56 
8998.79 
2698.06 
6321.43 
4303.2 
3835.83 
8877.16 
8455.42 
242.621 
7733.26 
2913.51 
7436.13 
9120.4 
6595.95 
8160.67 
6458.69 
1219.84 
1921.38 
2638.28 
1573.95 
3315.07 
6361.66 
430.36 
3052.91 
262.434 
723.907 
6700.84 
1093 
118.885 
8093.28 
3780.36 
6446.82 
1621.91 
9510.54 
3648.96 
8010.47 
1939.86 
3303.35 
9351.44 
9673.79 
7407.32 
4778.57 
3508.08 
307.898 
4845.99 
6569.75 
7801.79 
4694.14 
4380.95 
666.069 
4619.69 
3048.05 
8586.91 
259.112 
4894.74 
5835.26 
3195.29 
3162.31 
8988.22 
4993.46 
5088.39 
530.075 
8978.4 
9916.55 
7445.76 
832.209 
6935.81 
238.157 
2704.05 
6969.17 
781.741 
8727.69 
6265.71 
7749.92 
2895.54 
5261.35 
7481.62 
3558.91 
4537.63 
3992.64 
4258.78 
7286.92 
1327 
2824.98 
9500.59 
6345.13 
2605.6 
2303.62 
6952.23 
6083.32 
2285.21 
7469.18 
4457.96 
4998.3 
6352.94 
3945.61 
3949.04 
1455.87 
8761.72 
8216.3 
1415.15 
4505.23 
9383.31 
5225.67 
7758.21 
2267.91 
6769.49 
4839.53 
8040.71 
139.83 
130.727 
7136.56 
4108.15 
5686.95 
650.543 
3671.63 
9069.74 
5037.44 
4176.5 
4422.18 
3611.24 
4074.32 
7154.13 
9537.39 
4906.14 
7460.39 
6745.97 
9453.86 
1075.81 
1056.24 
2234 
6788.01 
6081.8 
6730.08 
2391.06 
6623.61 
3068.53 
2803.31 
5272.87 
1045.5 
1650.47 
9379.6 
2890.9 
7421.61 
5002.17 
1477.26 
8296.04 
1619.77 
3414.62 
9531.64 
8260.03 
6252.92 
2855.35 
9877.77 
5669.79 
2235.3 
8618.18 
5749.64 
4211.33 
9790.54 
9606.6 
8116.55 
4821.77 
9416.27 
9303.26 
9892.04 
5559.36 
6171.68 
7371.17 
7335.79 
2550.51 
6342.32 
5308.27 
6042.4 
4640.45 
1981.56 
4056.34 
4849.66 
8317.46 
1488.9 
4004.66 
6326.79 
4339.08 
6912.06 
956.598 
7543.59 
5112.24 
1435.84 
2176.03 
2545.99 
453.535 
2568.65 
1255.47 
703.744 
7825.63 
5358.15 
4376.31 
2647.11 
9924.89 
7604.53 
9257.3 
7516.5 
9885.21 
758.263 
4126.3 
702.557 
7875.67 
6328.52 
3517.66 
1355.32 
8943.02 
5311.43 
9237.45 
3832.68 
5795.99 
3138.01 
485.632 
2011.01 
9040.85 
9598.74 
6067.62 
8483.5 
2182.55 
2095.91 
5904.58 
8290.29 
4823.07 
1420.11 
7794.62 
4255.39 
405.263 
1259.66 
1123.54 
3274.27 
701.981 
8187.33 
4385.2 
2133.26 
3770.52 
1052.15 
3545.08 
2236.59 
411.018 
7982.24 
7455.19 
9428.89 
1289.86 
8729.25 
2437.4 
5374.98 
7317.17 
9648.51 
2434.21 
1836.35 
3616.04 
4760.43 
8611.75 
7718.67 
7614.21 
1949.83 
856.599 
6865.62 
451.653 
938.141 
7338.56 
9125.93 
9557.96 
585.129 
4255.99 
419.338 
7805.72 
801.444 
9877.57 
2365.27 
3035.01 
9382.99 
9904.44 
3900.68 
8653.3 
5958.3 
1067.14 
5500.33 
4034.82 
3221.08 
6717.26 
7061.27 
8789.45 
4265.01 
2023.15 
3146.07 
5937.15 
5718.05 
3244.45 
9537.45 
5939.22 
448.423 
6648.5 
1271.28 
6351.14 
3668.84 
2123.34 
6930.64 
3207.37 
6192.34 
4665.29 
9584.73 
494.218 
6321.9 
2208.69 
1471.02 
3369.16 
5540.18 
3756.8 
596.963 
3150.8 
5475.29 
3212.9 
9237.07 
7444.17 
4130.28 
7625.61 
3555.95 
4770.45 
7036.24 
8019.42 
2376.53 
2413.34 
1065.45 
7020.09 
6708.39 
7897.56 
4300.69 
1756.66 
4120.81 
8436.16 
6529.82 
6732.26 
9141.89 
7823.04 
1872.33 
8333.29 
7683.29 
3023.88 
2347.95 
1951.13 
2574.54 
281.582 
2552.58 
1294.72 
439.359 
4299.22 
6956.61 
9808.5 
1403.29 
5164.79 
4565.7 
5651.44 
3784.07 
8934.82 
7468.41 
1528.49 
9310.77 
6136.47 
5581.67 
1162.14 
2121.69 
9173.95 
6549.45 
6580.86 
4453.42 
8611.21 
8602.35 
9767.82 
7758.43 
6009.93 
8932.14 
2412.23 
2428.28 
2139.05 
1086.49 
578.907 
9695.23 
7677.48 
5364.88 
7519.94 
7619.71 
4498.37 
4139.71 
6033.75 
9164.68 
729.332 
7887.91 
2062.48 
4185.16 
29.3558 
3382.93 
6856.11 
677.029 
8831.6 
2690.42 
7961.23 
4355.24 
8502.57 
2649.99 
8322.3 
2817.25 
9453.17 
9480.8 
3876.97 
281.005 
2858.06 
5436.55 
2126.76 
4380.8 
8179.63 
5064.39 
7237.19 
5440 
107.786 
1561.24 
9760.69 
7874.74 
694.178 
7055.18 
6383.44 
6506.98 
2839.62 
5418.88 
5155.1 
1694.33 
6672.89 
1222.06 
9085.91 
6925.19 
1675.08 
3091.02 
848.253 
6591.33 
528.805 
7622.9 
8015.55 
7427.3 
563.235 
6285.78 
5064.79 
3941.57 
5970.84 
1850.99 
9610.25 
9486.94 
7072.11 
994.212 
9726.24 
8856.54 
1829.36 
6059.28 
8259.85 
3309.19 
7547.1 
4047.93 
3595.67 
2494.29 
1499.43 
858.144 
2825.37 
6033.41 
3567.65 
1480.14 
6741.74 
8420.64 
5695.33 
1367.25 
9425.64 
6753.84 
1852.4 
3207.07 
1179.71 
7342.74 
9487.97 
4257.72 
9561.68 
3229.03 
335.223 
4095.3 
9778.17 
1650.81 
5186.37 
7352.82 
8790.41 
467.551 
8129.06 
5064.34 
6372.77 
7091.3 
3499.95 
3654.17 
5619.32 
3832.61 
4616.32 
6447.2 
8095.42 
9676.62 
5035.16 
5880.59 
5032.62 
3204.73 
1835.3 
5835.7 
636.441 
6660.52 
3416.46 
365.891 
9522.37 
2545.25 
8058.6 
912.053 
8882.5 
8143.81 
3041.05 
936.392 
7935.83 
7440.41 
1035.11 
7077.51 
1677.1 
7031.41 
6827.96 
7523.94 
4796.41 
3318.36 
1750.13 
4403.09 
2814.94 
630.077 
9705.83 
5895.96 
3369.09 
4338.52 
7444.81 
4955.79 
2009.54 
4393.66 
4219.43 
6006.7 
4555.54 
4960.13 
4878.36 
646.967 
3580.69 
616.994 
9817.57 
3877.09 
2245.66 
2789.02 
5040.58 
7069.37 
4940.41 
3504.18 
4674.4 
2647.06 
9216.76 
6065.45 
2087.75 
8852.57 
5105.57 
9331.08 
7529.42 
7022.97 
5136.87 
5315.3 
4249.69 
4561.98 
3198.5 
7226.87 
2028.71 
6559.18 
199.715 
6606.12 
9037.55 
4125.36 
4909.88 
403.728 
5460.97 
2589.46 
1002.3 
5580.11 
4921.27 
1702.58 
5201.27 
7695.13 
1965.88 
576.763 
3658.4 
6670.46 
434.619 
4641.49 
9564.36 
8166.56 
5322.56 
6290.34 
1692.15 
9902.26 
7232.02 
8600.64 
1010.37 
1363.55 
7145.9 
1127.89 
6492.07 
2225.26 
9989.9 
204.884 
3486.41 
6077.59 
6138.89 
6264.86 
3523.22 
4819.63 
3462.72 
7858.31 
4602.41 
2718.32 
6759.73 
765.102 
9073.36 
5927.68 
6583.54 
9613.6 
5848.62 
7768.8 
278.053 
3237.78 
7444.43 
8599.29 
8333.39 
9307.02 
3168.79 
7784.14 
8094 
5793.29 
7743.97 
2899.11 
5357.53 
4064.68 
5034.34 
2132.63 
3123.21 
1783.65 
7840.56 
6251.12 
2550.55 
7146.79 
6077.51 
4713.47 
9287.51 
5125.89 
871.099 
565.766 
8821.7 
6366.46 
1087.43 
6505.33 
5147.96 
1839.98 
4623.84 
2865.06 
2995.11 
8881.03 
3472.59 
3840.73 
1167.13 
5951.96 
4622.57 
1612.86 
7392.92 
2852.82 
7385.36 
5718.23 
6255.02 
8178.42 
4638.51 
9394.67 
6221.71 
8301.48 
3003.66 
2559.47 
7071.77 
5246.92 
4951.51 
88.1838 
2104.98 
8438.48 
5581.37 
6095.27 
3242.26 
2732.31 
1867.54 
7743.68 
8086.6 
1456.23 
4796.01 
6481.72 
8230.67 
2929.94 
3578.7 
7137.51 
98.2056 
541.91 
7884.32 
1756.16 
5812.49 
551.022 
1031.89 
2925.22 
4098 
5130.02 
248.654 
9127.16 
204.78 
1739.41 
4212.53 
9918.87 
6382.41 
9220.49 
8750.05 
2163.48 
1676.21 
2058.7 
570.085 
1425.99 
6642.53 
988.799 
8741.17 
2877.37 
9936.45 
1883.11 
9379.68 
4236.49 
2713.53 
6225.22 
7194.44 
6967.17 
7272.67 
1795.49 
6742.41 
9691.08 
8002.52 
8367.53 
3134.62 
3541.75 
6218.26 
277.093 
7103.88 
4924.93 
3339.7 
259.434 
302.445 
3185.35 
6248.71 
2057.47 
9838.58 
7032.85 
1036.41 
8894.84 
5622.97 
5319.93 
2041.22 
6768.65 
751.365 
8183.65 
2555.4 
8614.75 
8160.16 
7866.43 
1143.75 
3062.36 
9004.45 
7734.68 
6782.77 
7959.3 
2012.3 
700.798 
8319.7 
9133.11 
242.606 
7478.12 
4781.62 
4702.63 
7126.1 
8384.01 
91.2003 
2804.2 
230.074 
6858.55 
1649.87 
9406.22 
341.339 
6891.38 
3379.56 
203.608 
2036.13 
1253.99 
5739.97 
1742.79 
1061.94 
8050.51 
4989.93 
5808.26 
9392.19 
4469.91 
5770.81 
9955.03 
4181.69 
1724.31 
538.062 
3214.72 
9751.22 
8810.98 
6164.93 
4038.46 
4410.22 
2552.44 
8819.95 
6875.37 
4340.29 
7198.4 
3480.35 
4318.99 
9186.69 
753.575 
5334.95 
4543.45 
1742.89 
2817.4 
1976.39 
7263.7 
1032.85 
9083.54 
7015.4 
7878.22 
9311.02 
365.523 
3340.87 
54.0434 
8306.97 
5278.36 
3335.37 
7609.67 
5791.83 
3217.07 
9255.6 
8950.41 
9589.25 
6444.36 
317.781 
941.347 
1224.75 
4420.23 
878.388 
3059.95 
8566.69 
398.636 
9867.73 
6938.67 
8284 
9239.33 
5373.96 
182.115 
815.145 
141.8 
3237.52 
3026.45 
5517.89 
9129.01 
1307.55 
6063.27 
5323.46 
1408.14 
6660.61 
4922.87 
8759.35 
8434.79 
3522.65 
5096.46 
6176.24 
4030.23 
6024.51 
4013.25 
625.002 
4415.7 
4703.71 
5244.93 
1517.34 
1972.61 
3724.62 
9661.41 
9270.82 
4640.87 
9112.24 
9450.49 
4414.77 
9039.15 
1046.58 
9908.92 
9147.07 
4771.27 
660.38 
9001.02 
121.411 
562.996 
2272.34 
1171.65 
1976.3 
5596.68 
3483.97 
5149.91 
4537.3 
8456.66 
1004.34 
9862.27 
5156.18 
9919.6 
8720.14 
9335.85 
7648.12 
1990.95 
1932.28 
5888.8 
3114.42 
4131.6 
9875.58 
8910.75 
2921.19 
6428.79 
8637.02 
2395.31 
7905.01 
9512.27 
2737.07 
1876.9 
5128.76 
9075.66 
4687.39 
902.433 
7191.51 
7694.47 
873.725 
4700.38 
9347.36 
1011.49 
84.3795 
8165.89 
4170.69 
6780.63 
2112.5 
4742.78 
1867.76 
1466.45 
6666.28 
239.835 
904.259 
7873.54 
546.834 
642.539 
9158.57 
8058.87 
5468.02 
975.11 
8670.02 
7042.35 
728.306 
646.964 
3522.85 
8552.74 
5894.24 
4452.61 
5095.77 
4680.63 
7380.87 
259.115 
4939.97 
6123.67 
594.048 
4160.08 
8382.85 
577.557 
7006.27 
4368.14 
5311.62 
2441.49 
4087.76 
3058.84 
9915.52 
64.9558 
1712.3 
8636.28 
25.1814 
3223.21 
2408.17 
4098.05 
5964.47 
4807.63 
1766.61 
1481.85 
5382.26 
9640.97 
5815.85 
6938.53 
5803.28 
5706.62 
1154.99 
1849.8 
9583.9 
6648.51 
1505.52 
3277.14 
8936.13 
9521.79 
2654.05 
6655.81 
4237.7 
3086.27 
926.153 
5852.59 
4539.08 
8340.71 
2263.83 
8112.43 
5646.91 
7683.59 
8098.03 
3557.51 
1105.72 
3801.07 
4592.29 
2551.45 
2201.2 
5589.89 
9330.98 
5748.77 
9545.42 
9813.96 
3237.28 
9047.84 
6967.91 
9607.42 
1926.49 
8510.46 
5231.5 
5807.04 
8993.15 
7802 
8278.77 
1318.68 
3015.74 
5553.11 
1098.13 
6273.44 
7634.23 
8512.36 
7175.06 
1235.48 
4783.84 
2074.95 
3741.29 
9806.45 
7028.16 
2260.95 
9757.44 
3369.01 
2868.57 
2017.44 
7164.18 
8341.77 
51.1278 
9305.06 
86.8795 
184.418 
9509.18 
858.647 
1286.77 
6797.69 
8705.69 
6483.77 
2712.8 
3955.35 
7511.7 
9167.25 
3941.85 
631.361 
1288.45 
5023.56 
1054 
4634.32 
9000.08 
4324.75 
6006.79 
6046.07 
6331.88 
9911.98 
564.592 
9101.05 
1394.03 
9464.73 
3662.42 
4246.15 
5051.05 
3011.24 
9917.43 
2290.58 
7762.63 
6442.79 
4048.89 
9616.96 
2185.02 
3598.44 
8956.7 
5309.41 
5194.15 
8131.06 
8653.4 
7621.16 
8900.99 
8963.14 
3428.35 
276.014 
8975.58 
2630.88 
7175.84 
4372.36 
6222.75 
5832.47 
6333.73 
925.137 
8780.78 
8531.05 
1339.3 
9558.06 
2282.12 
5594.59 
8321.35 
6913.83 
721.533 
6797.94 
3049.4 
1271.57 
1222.67 
9365.07 
8656.14 
3705.25 
4174.29 
7337.87 
7586.66 
8927.74 
8542.03 
5914.98 
3076.82 
2191.81 
7748.85 
4950.37 
951.537 
2482.3 
84.9177 
7211.3 
284.714 
5187.81 
1588.97 
5805.09 
6136.95 
3752.09 
1351.45 
3853.84 
1565.67 
4234.62 
1213.02 
7150.96 
6221.03 
6878.19 
1763.47 
8587.25 
5925.72 
3514.86 
4312.74 
4236.8 
7952.89 
4197.49 
7177.38 
297.989 
8299.76 
4022.77 
760.735 
5675.79 
2981.41 
8526.72 
8600.39 
6832.03 
5969.21 
4576.49 
6995.46 
2719.36 
4294.87 
3810.19 
7909.84 
721.261 
2234.31 
2049.76 
252.142 
7744.24 
7461.26 
1365 
1519.09 
1369.24 
2810.66 
8812.1 
5031.34 
1661.31 
1712.01 
3733.45 
8177.8 
4269.12 
1033.03 
2062.18 
8982.19 
3707.8 
6964.73 
6248.41 
7017.6 
4764.53 
7429.56 
8697.45 
8104.64 
4665.35 
468.871 
318.145 
7055.15 
5914.09 
8185.83 
9188.44 
170.471 
5103.87 
711.93 
5407.25 
9704.98 
1680.45 
3392.22 
3055.49 
3691.19 
7856.45 
3301.86 
4434.55 
1502.3 
9186.99 
5767.07 
7126.66 
7756.79 
8430.9 
8182.01 
5041.56 
3574.4 
4981.83 
9568.15 
1937.61 
5474.04 
2244.81 
8456.59 
9889.16 
7042.84 
8953.82 
6862.3 
4716.48 
9841.39 
4260.76 
557.446 
8987.42 
1498.06 
7903.4 
2492.75 
5623.41 
2730.72 
5172.81 
9448.24 
6561.28 
5480.75 
5008.93 
5161.85 
5160.57 
3633.12 
1846.92 
1179.53 
4367.16 
8820.91 
3114.23 
781.527 
5125.37 
2052.58 
7732.22 
5412.81 
3157.31 
4947.34 
9862.96 
6685.75 
7442.96 
3812.63 
8950.7 
4359.26 
6095.48 
6649.55 
9023.75 
2200.61 
5665.12 
3631.08 
7527.59 
6140.12 
7024.85 
6713.92 
829.121 
5043.15 
249.252 
9171.29 
1855.95 
2941.75 
2032.33 
7408.34 
2033.37 
4869.6 
3361.74 
791.843 
8498.07 
7119.89 
3959.51 
7422.23 
5452.02 
2047.37 
78.2925 
5862.41 
9557.69 
6026.82 
2702.04 
3211.53 
6209.39 
1179.36 
1478.68 
2169.44 
1857.96 
6777.34 
6721.06 
785.683 
4975.71 
6811.76 
5232.81 
7840.23 
751.216 
5685.31 
3062.67 
4283.8 
7865.05 
7908.91 
4992.29 
5479.97 
1809.53 
2736.01 
4116.52 
6426.13 
3918.01 
9943.01 
2210.57 
3109.97 
9346.89 
3171.74 
7366.62 
758.597 
9747.04 
8511.25 
8505.96 
9680.27 
6292.23 
3463.76 
5445.49 
2373.79 
6330.19 
1576.68 
9318 
7588.1 
3177.9 
1009.35 
4117.91 
9683.59 
2132.28 
7166.87 
3634.61 
6854.05 
5981.72 
4716.85 
6068.44 
2301.89 
7932.05 
3964.88 
7750.51 
2780 
3541.64 
4335.39 
4916.02 
3575.47 
2876.19 
197.719 
3058.39 
2308.68 
1911.77 
1119.39 
3640.56 
6908.78 
5842.05 
7393.44 
1536.49 
3822.81 
47.4161 
6922.4 
4739.01 
8614.11 
7278.14 
3779.67 
4835.61 
2159.42 
3454.53 
313.235 
4537.04 
4091.03 
7910.73 
5657.5 
5526.09 
7026.9 
1096.41 
7378.48 
120.406 
3662.81 
887.999 
4594.96 
7467.92 
3351.89 
5206.61 
7476.1 
856.345 
2590.86 
4511.77 
9311.16 
2636.5 
1660.86 
4050.38 
4815.75 
8347.64 
8722.47 
8545.96 
1966.72 
4655.15 
9093.22 
9748.24 
8637.93 
7658.84 
2107.09 
3903.99 
4329.85 
1837.01 
4661.08 
8779.33 
4178.75 
2303.84 
705.676 
291.131 
3041.68 
1485.95 
4297.35 
5634.47 
8480.44 
675.178 
7712.31 
821.832 
2523.06 
5114.18 
4085.5 
4943.72 
9048.86 
4141.39 
4291.32 
4241.04 
9081.44 
1708.23 
139.196 
9464.95 
7438.88 
5175.06 
7287.17 
5459.4 
6092.5 
6666.76 
8201.29 
9034.63 
4943.59 
6980.03 
3442.47 
7580.45 
4665.16 
7389.9 
2036.91 
4365.35 
8365.69 
2226.96 
8454.95 
2348.01 
2935.6 
8712.91 
7875.06 
6152.68 
8085.52 
3315.41 
2041.49 
1349.35 
8503.39 
6422.67 
5891.11 
1951.14 
2782.33 
2609.86 
3873.89 
8455.73 
5409.51 
7665.61 
5991.17 
3666.73 
6722.87 
1261.17 
6545.85 
6156.12 
5914.01 
6824.35 
6874.82 
5068.62 
8326.92 
523.31 
5267.2 
5823.55 
6374.31 
2989.46 
3879.32 
9669.79 
184.362 
8570.25 
270.204 
1316.27 
2541.36 
2620.21 
7950.19 
8770.19 
555.264 
2321.89 
4060.52 
5197.61 
6249.2 
375.88 
7407.46 
7261.65 
6502.12 
1208.47 
773.346 
7631.16 
6982.84 
539.525 
7789.67 
1036.75 
4634.78 
6752.18 
3819.28 
634.473 
3588.24 
7608.21 
1175.62 
8727.4 
1391.76 
1276.98 
2125.09 
6305.19 
1356.85 
4536.03 
7032.44 
4201.56 
5629.08 
7939.05 
1573.22 
1085.11 
7521.64 
6217.58 
8837.76 
6211.22 
1961.8 
1960.87 
6354.54 
797.34 
892.51 
423.946 
5258.84 
5314.16 
5056.3 
1290.34 
6706.35 
3643.34 
3655.68 
1050.63 
7982.91 
8774.47 
2531.88 
3267.35 
4415.05 
3692.87 
6046.17 
7945.6 
1688.51 
8825.98 
8171.75 
2670.71 
6659.36 
3791.83 
9362.12 
9176.97 
7339.45 
4210.79 
752.336 
4507.34 
4866.26 
7303.42 
8499.82 
6476.52 
887.453 
5429.73 
7510.36 
6627.23 
3796.62 
9747.39 
4322.01 
52.1454 
6407.79 
5669.18 
1826.85 
3882.97 
1119.55 
6227.88 
1986.16 
1405.52 
2540.55 
9057.51 
9540.22 
2527.09 
2809.15 
3337.82 
8738.57 
9229.94 
7638.11 
3669.38 
1353.44 
7336.46 
3900.15 
9811.93 
9034.41 
1290.71 
3032.8 
2214.39 
7217.88 
884.773 
379.272 
4432.74 
1047.39 
3561.23 
3664.7 
2695.3 
9950.51 
8169.96 
2526.04 
5191.52 
3884.44 
5821.99 
263.975 
6620.66 
3403.41 
1099.67 
2126.91 
6932.83 
21.5891 
2847.85 
3872.21 
180.777 
8319.26 
1869.7 
3967.56 
2846.75 
5353.69 
9412.61 
7674.05 
7687.04 
6113.42 
8188.84 
9794.14 
85.494 
6897.45 
5397.45 
5002.72 
751.742 
4521.13 
6594.73 
7580.45 
4690.99 
1464.6 
5534.47 
7910.78 
6497.58 
4792.27 
3702.18 
2601.57 
4613.74 
3199.47 
3431.92 
226.707 
271.161 
7403.37 
8464.89 
9359.99 
3296.35 
1826.69 
1162.76 
2530.52 
486.045 
8959.81 
7496.81 
8896.16 
7760.25 
6530.58 
9475.31 
1599.31 
9520.75 
5190.14 
604.594 
1409.65 
2008.89 
3457.25 
5945.04 
8241.57 
6034.19 
6677.91 
5690.57 
1441.16 
1602.63 
5405.41 
8658.64 
5744.05 
195.659 
8433.67 
4664.77 
849.794 
2484.25 
2777.85 
7382.95 
5285.01 
5210.9 
9514.47 
9634.95 
4671.37 
1756.57 
2641.63 
7794.2 
7123.93 
1857.33 
6134.02 
4536.83 
439.87 
2901.81 
662.585 
6066.55 
455.302 
2256.81 
124.124 
6152.69 
8303.56 
7958.18 
3205.77 
9342.02 
1398.62 
6625.61 
6554.12 
5122.15 
7980.2 
3153.94 
8241.77 
9395.85 
6104.05 
844.614 
5432.33 
1114.12 
4944.71 
5732.64 
8505.88 
8380.86 
7073.26 
312.118 
5764.09 
7029.36 
2536.49 
759.053 
7409.06 
4005.84 
6116.39 
8159.42 
5417.65 
4507.18 
2124.77 
931.607 
7511.51 
5921.81 
7851.86 
6216.35 
8251.75 
7105.55 
3058.62 
6172.87 
7379.29 
3691.17 
7556.7 
5404.58 
4750.71 
5202.25 
4201.8 
9630.23 
5317.86 
7238.14 
1378.56 
9444.1 
6912 
9927.35 
9009.07 
5456.32 
4356.99 
7956.64 
7223.4 
3616.06 
5069.73 
6985.14 
9241 
3467.42 
6911.06 
4123.64 
6068.85 
9185.26 
6732.1 
6401.8 
5128.04 
6892.98 
335.607 
545.798 
3223.15 
1557.36 
4625.1 
4109.89 
4951.78 
4640.23 
8428.7 
1162.03 
257.601 
9503.57 
6473.81 
5292.43 
9952.81 
6912.21 
3515.66 
7769.56 
2940.49 
855.977 
6407.32 
7820.74 
3102.15 
7753.77 
7594.25 
6586.86 
5334.93 
4123.49 
3425.18 
7035.81 
810.316 
8973.74 
1682.91 
4669.43 
9134.7 
6833.09 
3690.23 
1644.04 
1458.35 
453.571 
3167.52 
6527.02 
9623 
3733.72 
2707.15 
9133.25 
2501.14 
6653.02 
7365.5 
1957.7 
3095.47 
5626 
6226.55 
9584.2 
1586.87 
534.461 
2679.39 
2582.87 
320.921 
3711.03 
1338.2 
1085.4 
2325.39 
2796.56 
1828.47 
1075.69 
9164.45 
6919.85 
1869.53 
1171.91 
6233.45 
5576.55 
4998.98 
7889.17 
3276.09 
1306.06 
923.325 
8325.01 
8436.13 
6120.35 
4675.19 
5871.44 
1248.14 
7490.47 
2388.67 
6308.97 
4821.89 
1559.99 
8818.81 
7745.85 
4417 
6445.68 
2481.9 
3326.61 
385.103 
2420.84 
7039.39 
1096.45 
7978.92 
1699.51 
3703.13 
8526.12 
8497.41 
6016.7 
2614.85 
7707.69 
3096.36 
495.322 
4870.24 
4135.83 
972.512 
5008.82 
3237.5 
2649.22 
5396.5 
8952.48 
4371.2 
6682.42 
1490.68 
3857.64 
5381.26 
2836.11 
6561.77 
3634.66 
7653.51 
2566.78 
9800.51 
7179.42 
4475.2 
4612.93 
9572.43 
3781.34 
2907.86 
2420.96 
9072.61 
3298.43 
6685.57 
4417.28 
1303.74 
1933.14 
218.259 
8281.49 
7028.12 
1575.12 
3101.07 
9674.62 
1357.51 
5624.43 
9770.68 
5822.05 
1135.99 
2561.01 
2948.41 
3897.37 
3052.5 
3365.37 
1732.73 
1954.61 
1077.75 
3663.24 
8120.74 
5241.87 
126.428 
4871.31 
2049.06 
8608.15 
7138.42 
5418.95 
6285.22 
5750.94 
6081.41 
301.105 
674.994 
4631.7 
4917.66 
1156.14 
1249.26 
6245.51 
8228.79 
1347.02 
9411.53 
9640.06 
423.335 
4993.7 
9035.85 
5559.66 
1190.81 
3870.09 
4584.96 
9466.61 
5299.34 
6024.05 
6225.23 
7372.02 
1559.59 
1957.43 
8566.98 
5231.03 
7875.02 
5444.86 
1807.96 
6370.07 
1723.56 
7880.4 
5834.58 
1707.58 
9366.12 
6384.19 
9156.82 
8681.97 
7857.2 
5949.82 
8707.84 
2595.34 
9905.69 
4916.43 
498.908 
5149.72 
1333.89 
8724.59 
4189.91 
9776.77 
8198.23 
7735.04 
2888.27 
3218.59 
4836.25 
2841.71 
696.946 
3573.55 
688.607 
3421.04 
7493.74 
7324.61 
4766.79 
5484.19 
2777.01 
3199.07 
6720.81 
6573.37 
8707.38 
4915.25 
558.806 
1857.71 
2537.95 
5331.97 
4494.76 
3372.25 
7454.6 
9420.76 
4712.52 
3311.38 
4408.2 
8614.8 
8878.47 
404.629 
600.224 
7971.46 
6381.5 
3808.8 
4537.64 
4163.02 
7836.43 
6814.79 
6140.37 
1167.74 
6242.07 
506.425 
1490.49 
586.376 
5216.57 
4923.54 
9979.63 
7584.76 
7092.81 
8858.09 
7926.15 
4867.71 
1538.55 
8414.58 
3917.23 
6885.97 
2457.1 
6526.74 
4985.8 
6278.87 
8997.7 
4343.58 
2585.3 
1145.53 
2959.95 
7824.31 
3182.05 
738.229 
7410.61 
189.582 
6309.65 
6213.25 
6126.01 
9921.32 
7599.36 
2458.72 
3730.97 
6391.25 
7710.66 
3096.76 
7277.81 
8148.2 
6820.16 
6349.84 
1752.11 
7647.55 
2454.52 
3137.43 
803.708 
7928.68 
7252.82 
8107.04 
5045.89 
6263.69 
3758.28 
5343.32 
5113.88 
9055.65 
8238.03 
6620.39 
8874.6 
5443.18 
3551.17 
4447.49 
8931.99 
9925.09 
1034.59 
8323.71 
6661.06 
2478.53 
6655.4 
7368.89 
8946.51 
3915.13 
1564.31 
1373.17 
8810.83 
3556.4 
2493.67 
1156.33 
4463.47 
7499.72 
7778.57 
4369.7 
1588.27 
3988.29 
1176.77 
7944.27 
9276.76 
4585.09 
1659.01 
2979.93 
3742.96 
7886.68 
1458.24 
8596.45 
565.773 
8940.12 
6533.19 
3395.96 
5881.83 
5916.27 
4692.47 
6408.88 
4088.22 
749.734 
784.546 
5859.02 
2610.44 
3672.82 
9027.99 
3497.11 
5976.79 
1883.1 
9326.38 
8464.15 
7041.28 
2817.82 
9049.55 
5855.11 
6898.84 
8726.76 
733.887 
4432.46 
6353.37 
1142.04 
4260.61 
8105.68 
2144.52 
3018.78 
6576.58 
2500.28 
2279.11 
5063.8 
7222.96 
6263.18 
5317.77 
5784.94 
7442.06 
8647.87 
4755.5 
5706.71 
2667.35 
211.981 
2756.36 
6200 
3446.48 
4950.31 
9837.77 
3339.67 
9891.52 
6711.02 
2179.16 
5106.01 
6669.64 
6567.23 
5465.44 
7606.07 
5170.8 
5709.94 
6887.27 
4277.57 
3087.73 
5516.45 
4952.18 
1349.31 
7882.21 
6268.43 
3496.69 
8890.17 
7046.7 
3819.24 
9942.7 
6963.15 
9653.78 
1090.46 
7431.28 
7589.28 
3003.35 
7272.76 
3295.88 
3851.78 
6787.4 
5819.31 
5174.62 
9800.23 
2465.13 
1373.13 
8191.06 
7078.96 
6108.21 
652.384 
4625.94 
8121.75 
2315.41 
5072.77 
8105.89 
5657.86 
1647.25 
5361.76 
5131.01 
6819.66 
8032.13 
6021.62 
5423.23 
8267.32 
8772.85 
5359.66 
9851.46 
3409.02 
5472.85 
2129.94 
7925.77 
8426.37 
1992.77 
2566.26 
1099.15 
3466.56 
2477.98 
7396.26 
8957.87 
4957.98 
8703.55 
628.746 
7328.6 
1736.72 
9075.82 
7294.82 
4031.93 
4660.65 
1572.42 
7606.54 
3142.9 
2731.69 
1580.56 
4474.95 
451.105 
1722.83 
5539.15 
6527.21 
2787.12 
3146.09 
6382.86 
6795.08 
4967.55 
9662.46 
7033.39 
174.085 
5839.39 
2616.9 
2281.46 
4429.26 
2566.65 
7693.03 
6683.83 
5074.03 
9305.41 
6010.74 
2451.64 
4733.61 
7730 
8136.44 
9195.41 
7246.15 
5976.61 
8955.34 
2355.21 
4069.17 
613.43 
9921.97 
8607.54 
6934.63 
396.902 
734.305 
1468.44 
140.292 
7882.75 
5315.71 
1179.78 
8642.63 
6599.2 
2745.69 
6762.1 
539.493 
7266.48 
7735.61 
2418.99 
5990.86 
8329.46 
3212.87 
8655.65 
5501.89 
210.895 
4507.31 
4277.88 
8292.5 
2091.7 
5159.6 
7446.54 
4078.1 
696.113 
9577.81 
4292.83 
9535.47 
2635.83 
329.293 
4433.07 
6537.91 
2581.13 
1022.44 
4108.85 
7478.24 
6797.54 
6206.1 
5944.99 
7484.99 
276.213 
2311.42 
7982.32 
8832.32 
4818.09 
7602.36 
2806.46 
8160.49 
3433.41 
5287.84 
2684.09 
1429.79 
398.325 
4641.59 
1265.26 
5274.05 
1027.23 
4723.51 
7995.85 
6302.22 
1438.46 
6269.56 
2498.25 
8170.62 
3652.4 
5888.03 
190.741 
5782.04 
8807.04 
9947.9 
4382.05 
9124.4 
3862.27 
3088.34 
5750.05 
1133.2 
5756.51 
9621.71 
2052.73 
149.55 
3489.44 
6973.18 
8213.58 
5679.57 
6609.63 
8113.57 
4757.73 
3231.57 
2954.03 
8382.15 
8784.39 
9290.21 
488.389 
8360.33 
2129.79 
5437.85 
3878.9 
2616.9 
2275.82 
9722.05 
8530.82 
7464.93 
3091.42 
7423.42 
5433.29 
7228.14 
3358.23 
1754.72 
1608.51 
4156.65 
900.36 
2354.23 
7484.24 
7571.2 
9127.66 
8526.48 
4554.16 
1795.56 
8017.64 
2458.28 
6333.72 
820.029 
2228.28 
751.572 
1668.02 
4494.06 
1660.25 
3785.4 
1168.2 
3963.1 
7795.94 
6365.04 
7287.52 
1406.97 
6919.22 
1375.31 
4782.54 
169.024 
787.652 
8065.68 
9895.41 
2091.1 
5184.5 
5958.67 
7314.7 
8170.47 
1095.37 
9861.89 
8819.87 
5610.94 
3095.23 
1602.54 
3965.04 
444.109 
4140.55 
225.379 
7951.3 
7416.12 
2758.63 
4221.76 
5067.32 
6502.38 
5562.67 
1821.78 
8652.17 
6983.73 
5592.06 
5732.99 
4308.98 
1020.01 
3307.56 
211.936 
2015.28 
886.843 
5178.52 
5369.32 
2108.06 
94.32 
5236.81 
5010.98 
9602.49 
9035.69 
2857.92 
3030.96 
1356.81 
3972.92 
2888.58 
8398.63 
5752.09 
5336.32 
7459.76 
6224.98 
3205.26 
841.178 
7683.9 
3236.74 
9953.83 
4004.22 
8891.19 
4232.7 
8963.6 
1225.76 
1374.34 
8558.09 
5757.31 
3174.48 
3409.7 
6773.89 
8749.89 
9342.86 
5457.36 
1900.58 
3062.54 
2113.63 
3751.78 
6109.12 
5897.21 
4452.71 
6616.75 
7734.38 
1719.18 
4325.75 
2924.89 
8651.95 
3244.76 
4729.15 
2846.36 
8794.95 
6800.01 
7745.89 
5116.99 
1185.45 
3821.92 
4994.41 
1086.82 
6130.46 
4709.87 
8756.72 
4249.46 
632.125 
4128.94 
5126.44 
37.9691 
8146.26 
4223.48 
4092.98 
697.27 
9021.1 
7566.04 
2505.56 
918.067 
9960.21 
1308.44 
889.306 
6563.19 
7462.35 
9711.02 
3194.41 
8473.16 
8344.41 
4476.34 
3828.78 
357.521 
8860.76 
2817.27 
9835.96 
2994.02 
533.281 
2858.96 
503.643 
4730.36 
3078.93 
7654.11 
2566.84 
893.933 
4323.8 
94.7595 
2622.86 
2483.17 
4569.26 
5511.19 
6610.55 
3573.47 
9242.92 
5760.82 
2078.63 
5472.24 
2002.7 
9343.29 
2695.5 
3308.57 
7088.72 
101.636 
8203.62 
8323 
4640.07 
5697.45 
7104.72 
9112.26 
9780.53 
1363.3 
2915.59 
2322.65 
6703.32 
2655.96 
8642.73 
8385.49 
4930.45 
6120.83 
2845.6 
6060.75 
2980.3 
9882.2 
73.8348 
941.127 
7519.44 
9169.82 
7094.65 
9741.49 
5245.81 
6361.46 
7064.63 
5227.12 
2193.62 
8234.67 
150.395 
7694.92 
8581.68 
2321.79 
2361.03 
1766.92 
6553.49 
4499.73 
7001.86 
274.336 
763.714 
5735.2 
1558.82 
9068.81 
9506.71 
9274.33 
3664.76 
3702.95 
5440.73 
2355.19 
3730.53 
8973.34 
4879.68 
2816.33 
4096.27 
6032.91 
5113.76 
6992.15 
6984.81 
3721.14 
1180.82 
6033.37 
2772.1 
663.977 
9460.74 
6634.73 
9905.64 
4165.96 
7340.4 
155.374 
1372.74 
1674.19 
8193.53 
8668.52 
1860.53 
2.68855 
5186.48 
9204.38 
8000.33 
1574.68 
5577.27 
7137.37 
7737.07 
6906.61 
9314.67 
1597.86 
5264.64 
2754.1 
8141.62 
6228.78 
7165.33 
7630.24 
1506.9 
6401.87 
6269.51 
1679.38 
5371.85 
4667.54 
7324.73 
6754.69 
6082.38 
6528.85 
332.576 
9599.11 
2206.7 
8039.9 
6553.33 
1845.89 
3853.28 
2065.63 
7090.48 
9692.67 
4688.33 
6709.9 
3269.87 
6656.07 
8650.68 
1983.49 
6543.13 
315.98 
673.569 
667.51 
8841.12 
2771.69 
3718.31 
3619.9 
9579.44 
1673.07 
9225.78 
7631.31 
9469.82 
9302.46 
6492.91 
6289.17 
2079.81 
5412.82 
3186.97 
3475.55 
3607.13 
4969.75 
6630.79 
3667.95 
7249.79 
7256.54 
628.853 
9135.63 
2496.63 
788.661 
5023.78 
4659.38 
147.183 
3703.85 
681.019 
5890.04 
3974.44 
8375.23 
2521.09 
2039.87 
4077.43 
9296.07 
9004.85 
4468.41 
580.307 
3222.47 
9999.3 
8304.2 
8614.02 
5850.46 
8656.35 
7312.74 
5202.36 
6055.08 
7778.46 
2658.15 
5589.38 
660.378 
8979.42 
7077.12 
5092.31 
6397.97 
734.078 
7648.94 
5753.54 
9817.36 
291.83 
4784.91 
9990.92 
7415.15 
6397.91 
9737.16 
2365.49 
6747.6 
6963.55 
6401.13 
3763.76 
7447.71 
3627.51 
7621.74 
8556.07 
1870.86 
3490.13 
8597.76 
2605.69 
3820.68 
4237.08 
2618.97 
7026.78 
9070.48 
7506.64 
4126.7 
7489.66 
8760.92 
4819.99 
9498.57 
2431.28 
2538.99 
2873.06 
7508.57 
6468.78 
822.275 
9974.63 
3557.65 
3468.81 
320.822 
2063.27 
7372.28 
5940.87 
8126.61 
3982.4 
2161.38 
6302.19 
986.961 
7854.56 
1627.22 
8644.51 
8310.47 
4132.57 
6186.83 
2076.53 
197.389 
7514.73 
147.2 
3993.9 
5471.45 
8623.28 
1548.33 
2729.05 
7148.54 
5513.35 
2803.83 
4020.87 
8723.57 
7055.4 
151.056 
8798.19 
1241.72 
9592.39 
9303.19 
8646.63 
3951.13 
6696.76 
2375.68 
8085.3 
9575.18 
132.538 
7565.87 
9605.34 
6959.92 
5295.97 
9329.05 
3334.14 
6857.51 
4138.92 
2812.89 
6325.3 
9326.71 
3979.55 
4351.34 
3000.47 
8970.52 
7582.66 
1816.62 
2008.7 
277.158 
8195.58 
3131 
2726.09 
7366.34 
6004.39 
5802.26 
8502.23 
6896.82 
4894.23 
7344.9 
5741.2 
2284.58 
6979.1 
7783.63 
9404.69 
4648.62 
9378.95 
2003.64 
5204.52 
2438.46 
3278.74 
5792.08 
7495.67 
9649 
824.004 
9029.87 
4965.38 
3115.35 
9762.59 
9776.82 
8972.34 
8137.67 
9810.69 
8303.14 
843.702 
94.8343 
3879.94 
82.6975 
9896.11 
3895.38 
9684.23 
2797.97 
5549.18 
5011.64 
667.332 
5845.19 
106.384 
8000.97 
2349.39 
6280.96 
4096.54 
546.69 
8217.7 
4805.67 
8861.9 
1897.64 
3701.94 
8545.32 
1208.91 
8073.08 
4241.54 
7622.9 
8104.07 
5119.68 
6459.43 
3618.77 
662.246 
369.968 
8045.45 
9810.94 
2452.6 
863.597 
4480.61 
5593.38 
7944.3 
9867.11 
6480.45 
6968.46 
8959.38 
375.675 
3978.11 
33.6385 
5362.05 
9893.66 
2825.26 
4094.9 
2972.9 
5597.89 
3690.56 
7303.61 
1694.47 
8886.26 
1423.92 
1827.08 
7769 
3577.49 
6938.51 
5536.16 
6321.91 
2345.34 
8120.8 
6238.09 
3571.48 
5872.77 
3624.36 
4549.8 
8453.25 
3728.15 
8975.03 
3390.44 
3140.14 
6280.55 
7184.99 
8210.6 
5601.61 
6287.67 
6786.87 
6850.61 
8130.92 
6325.21 
7759.95 
1429.74 
9721.89 
5830.56 
4297.27 
4143.15 
3954.9 
81.0335 
1929.67 
2024.74 
9850.11 
762.564 
6413.7 
5013.58 
3317.54 
7820.52 
9501.62 
3794.33 
1365.78 
4593.67 
5767.36 
1949.82 
549.493 
5322.81 
498.81 
3506.96 
1552.16 
7167.46 
3527.22 
1933.64 
8665.02 
3070.1 
9184.2 
8903 
2797.39 
5755.65 
5200.45 
3947.4 
4002.61 
1823.85 
3423.16 
3068.89 
8917.51 
6539.1 
2591.35 
2893.03 
3128.48 
376.039 
87.1354 
4484.93 
8208.39 
8427.14 
4947.76 
7066.97 
4588.98 
7029.93 
2086.07 
537.39 
1911.09 
9723.81 
8044.14 
7779.4 
8317.47 
1657.41 
6013.24 
4509.38 
9076.42 
7390.68 
5147.88 
414.177 
1069.6 
6687.46 
6114.08 
9345.72 
3488.03 
3252.55 
5593.01 
1732.75 
2270.79 
5204.39 
118.259 
7586.07 
9038.26 
6077.56 
5473.8 
8183.62 
2182.94 
8731.42 
8902.88 
706.655 
6750.92 
2794.68 
151.161 
562.805 
9066.81 
5924.39 
1148.43 
1675.65 
2678.87 
3846.37 
6003.39 
9045.92 
4782.43 
8345.95 
375.282 
7361.93 
1933.68 
9290.82 
831.641 
7385.77 
2567.55 
2865.69 
3732.19 
6887.96 
5970.16 
543.218 
9867.81 
8249.28 
5602.01 
2906.58 
925.054 
7383.69 
7720.49 
8233.23 
5923.01 
8002.57 
9190.24 
386.909 
2773.22 
9520.13 
4769.09 
4093.55 
254.989 
5598.73 
7897.62 
5219.67 
6923.74 
7297.74 
3134.65 
